21040.4030528665,0.610936760902405,29.0542923808098,0,5253.47132503986,3.56141683459282,67.5619307607412,2670.80509656668,3.37960514426231,400.297015637159,0.981212139129639,1210.84197807312,76.8810095489025,13039.49182567,441.055422872305,2.89160588383675,0,0,3490.66986565292,0,120.387920111418,117.860735863447,3935.46237620711,35.6284515559673,2001.19050180912,37.0377507656813,364.181618541479,271.264373272657,10220.1140757799,0.769263982772827,170.048061981797,22.0843117982149,8.58971218764782,27.321289896965,583.717726707458,412.481927186251,916.808427155018,53.84411033988,1.46669426560402,27.8777269423008,0,48.2367561459541,15.067699611187,35.8202958405018,20.1002248227596,14.6824595928192,1332.51730948687,948.435401409864,11.53085064888,0,47.5099802017212,6.55309045314789,0,80.3202275335789,0,753.624340459704,8.8759868144989,4.57609733939171,2.71836340427399,1.23497378826141,3.46819758415222,143.511111348867,4.15670967102051,4.0933190882206,33.5665045976639,466.96016895771,64.0223314762115,6309.56771554053,60.4496812820435,0,1.89924095571041,2.70742559432983,4.99962939321995,10520.8010618687,14299.4103933275,50.4826214909554,2616.33293421566,14.5185752809048,0,209.857474148273,563.562904372811,0,66.6857738792896,561.676205649972
0.610936760902405,5530.3073477149,9.33248454332352,29.6448884010315,95.2228845059872,14.5298599898815,122.09060755372,24.3138055205345,762.49776083231,10.8136617541313,56.9421572685242,64.9589093029499,575.756249457598,16.8147613704205,3.0865766108036,0,31.7625655531883,0,616.411907553673,77.4855264127254,206.405068814754,714.664971083403,41.7805844247341,1396.44921803474,1023.72714355588,0.545566439628601,21789.2011193931,214.762540712953,10.9335733950138,19.5702917277813,36.3989441692829,0,0,763.722420781851,3.77933251857758,114.133577942848,0.346593022346497,16.3131528794765,0.643194317817688,19.0982954502106,1.13768303394318,90.3706696927547,307.822855740786,16.6893500089645,112.546572461724,445.021977454424,9365.29387712479,10.820952937007,982.73243060708,16.4405535757542,64.430698171258,121.919447422028,0,5.30155250430107,1360.76262122393,110.888418197632,3.47931990027428,17.9950999617577,0.22131010890007,59.4867344200611,5.2506317794323,8.80617386102676,42.8285271525383,40.8050689697266,31.2896793782711,2.32867169380188,7.51419657468796,0,148.84213155508,0.377922892570496,86.7920250296593,153.232867211103,1.23351922631264,17.238195836544,5136.40115198493,5313.32972899079,300.216885358095,10.297218054533,65.1043992340565,0,0,0,2.10710555315018,5.55996137857437
29.0542923808098,9.33248454332352,61028.6790305823,9.0119896531105,0,5.34542480111122,1.42882645130157,375.785155147314,9.84492248296738,7609.02733954787,54.4900927245617,7.19448244571686,62.5406436026096,535.634922087193,24.4734732210636,5419.32646307349,297.385460466146,39.9588421285152,138.758728846908,218.870753660798,11.5234678685665,12.8542477488518,74.4633077979088,65.6091467440128,257.466275602579,3706.86034053564,8.22163876891136,635.929286450148,255.981538131833,221.439997285604,0,120.473336532712,799.505476132035,2.81712481379509,49.2881770431995,2635.84715077281,25.1002498716116,5.29974830150604,25.8689137101173,87.3197721242905,972.128372550011,45.1571937799454,557.695780843496,1448.23654665053,302.814040482044,6.89241871237755,28.9149748533964,0.470458894968033,23.9727534651756,30301.6579761803,9.54699283838272,112.405543506145,0,6.49044173955917,44.936380058527,5.39328229427338,5.26832947134972,22.8814839422703,0.664173364639282,15.6968297064304,4.98821133375168,21.7018330693245,21.8245397806168,1454.22643899918,110.638509809971,153.177597135305,7.51650929450989,0.307579636573792,0.425587594509125,83.1738252639771,29.1869944632053,1.9124781191349,1350.85845941305,21.8201320469379,294.092849701643,6769.63087852299,869.65625244379,1266.78250473738,214.435399353504,7.31600764393806,27.1476545333862,84.7056841254234,43.7669620215893,74.9316638112068
0,29.6448884010315,9.0119896531105,29843.2958681285,0,1.57655274868011,418.995609268546,191.924797296524,1619.30535939336,19707.7818632126,3191.48417043686,16.3655173778534,16.225864559412,79.2783996760845,12.6876960396767,14.6489780247211,0,2135.91577649117,0,15820.217271626,120.353516459465,302.379688858986,811.253972768784,5232.01571112871,48.4213552474976,8.54035422205925,1854.53260889649,20015.8059338331,39.6629057228565,21.2391622960567,0,0,9046.71233582497,27.4773649424314,2.29893791675568,177.103676915169,21.0422478020191,15.0728521645069,0,472.150197774172,22.9324208199978,4.79793652892113,30.5719937384129,127.199201107025,22.7953381240368,268.755219697952,0.433410942554474,37.4702200144529,0,2.71681451797485,0,95.6837726533413,3707.39783573151,553.321820572019,606.841298684478,12.2694387435913,3.95472231507301,568.668139100075,3.41472661495209,2.2090830206871,274.303075999022,967.827268749475,1.18896305561066,2.44152009487152,41.9083268046379,129.579510718584,3.22682070732117,0,0,25170.9144183695,44.4846276342869,280.998953431845,202.425239920616,15.7409092485905,0.648987531661987,8.06790366768837,35.8769547194242,2.42703235149384,1909.84629154205,5.28087976574898,2105.98862117529,0,20319.6655256748,23.6075012534857
5253.47132503986,95.2228845059872,0,0,8649.30921536684,0,88.6885703802109,70.6166382730007,294.15621945262,0,31.7483279407024,257.500309497118,40.624814927578,19.4189955294132,0,21.702030479908,18.1726682782173,3.43320658802986,590.66562525928,0,11.4324013888836,0,0,187.002411156893,31.04239615798,6.6363165974617,984.015750825405,76.258810788393,14.3906586170197,10.7743251919746,0,0,0,57.2065653055906,7.01429668068886,359.63686171174,41.9243391752243,6.5762842297554,51.2875753641129,11401.7996593714,0,15783.3880267143,4.2138084769249,1125.37072610855,2.27447485923767,236.034466728568,82.0061233639717,0,0.269878029823303,0,0.467744618654251,415.981404364109,0,246.780225113034,153.693097501993,49.7679081559181,127.739707261324,7.9920272231102,0,0.859102010726929,0.548639118671417,21.7836012542248,154.782309174538,0,14.7640513777733,0,1251.5942350775,0.695521712303162,0,522.536954194307,234.646941244602,455.825346723199,3006.70875090361,3466.87220835686,9918.7630020678,1.83198955655098,213.171657681465,48.9400241076946,205.331472426653,0,0,0,64.1339723467827,5.43775296211243
3.56141683459282,14.5298599898815,5.34542480111122,1.57655274868011,0,88983.8743098974,4230.07093381882,18145.3647635132,277.279412180185,111.737078338861,13.6252314001322,229.656278967857,367.342049852014,2557.59746593237,3387.62932877243,17467.2776740789,134.129103392363,13.5659788250923,457.130653008819,107.007424294949,8.62656509876251,38.7200233638287,1308.5441827774,290.773164719343,104.872030138969,0,45.5498661100864,600.610953912139,664.309559345245,486.817708402872,3146.81565573812,14.6248484551907,7.65776109695435,231.645959109068,3.19402265548706,2533.14052689075,27.6058285236359,560.703613057733,2.37429249286652,8112.66937938333,9.30853793025017,19.5491137206554,42.8469818532467,35.261972039938,36.9268160164356,44.6320886164904,1455.54088889062,211.862849473953,345.789990052581,51.7358794808388,220.85478451848,13.9289139509201,233.111697390676,0,74.5270601809025,40.3590018451214,19.9268902540207,122.202276259661,27.3030681312084,10.3368952870369,210.324871361256,16.7687686681747,70.731840223074,16.3754416406155,23.4236611127853,975.525561153889,188.655244737864,1.57483994960785,551.571647137403,10.2877785414457,4112.72393204272,663.57704564929,747.078126162291,13.9211022853851,13.2872128784657,14.1586582958698,165.346042394638,5045.53776153922,334.442527234554,0,31.6470435857773,144.432107359171,79.5933069884777,252.684221506119
67.5619307607412,122.09060755372,1.42882645130157,418.995609268546,88.6885703802109,4230.07093381882,107548.136767626,6027.37450072169,612.119926065207,6.29175925254822,6.42095971107483,2.88966590166092,600.498122602701,13097.2011488974,2.77449381351471,22.0460181236267,364.616179943085,1.41342854499817,108.336750000715,385.767244517803,15.4370687305927,3.42697221040726,0.328774720430374,2457.3865788877,10.5949699878693,241.783954977989,23.1764641106129,56414.8156872988,4110.08903008699,108.82088214159,772.895093232393,65.6319905221462,0,44.0907989442348,237.775375545025,6473.05740129948,1.61990284919739,8439.24158637226,58.9533286243677,647.565330594778,0.690785467624664,2453.97769230604,189.502192765474,5.17999076843262,281.729311823845,1.35426634550095,120.491182714701,56.8438416421413,83.8396059572697,204.11418697238,10176.5361989439,0.88443586230278,440.999374598265,333.972611278296,3633.63982099295,1750.37702403963,229.955092564225,424.666386514902,65.1836586296558,18.6239167749882,7.8843412399292,15538.8935552239,86.8059209287167,394.138842642307,276.146129608154,1.256108045578,11949.7488821149,312.903205007315,45.4243054986,3.10874235630035,27359.2944779098,42.9441493153572,71.9791161417961,958.999555766582,2327.30869953334,812.632807269692,4.26280242204666,90.4465274810791,6.49980545043945,3110.88721893728,98.1673846840858,0,1110.42030008137,28.6439330875874
2670.80509656668,24.3138055205345,375.785155147314,191.924797296524,70.6166382730007,18145.3647635132,6027.37450072169,86251.2634719461,179.608227610588,7867.6395265758,714.525617957115,2750.13734686375,1062.88726976514,38404.8015720248,144.095517009497,20.9859230816364,350.521159887314,133.379973679781,195.008430331945,333.592299580574,247.546634927392,35.3788449466228,440.975640296936,606.562921345234,93.758814573288,671.867184236646,568.910157561302,1839.85053856671,5703.25444835424,2257.60236373544,23.8778369426727,1314.98425534368,69.5839471817017,3641.54623281956,206.293885886669,3194.86809022725,633.285287991166,1893.86242206395,317.783444017172,736.812178730965,179.912406146526,206.668011456728,80.294297516346,17.5401176214218,117.941035956144,53.9320570230484,184.395169705153,9.98184484243393,23.5084360837936,7.80283653736115,10.8432460427284,5.55691432952881,16.3848085105419,4.90778267383575,38.5502779483795,811.380110904574,147.164309561253,131.133218556643,144.80211430788,27.6422399878502,48.5239281356335,52.3652063012123,99.5099849998951,11.0925316214561,97.4168929308653,1.12750977277756,2.06611800193787,0.512066125869751,13.3951023817062,71.2436298131943,36.8979603946209,25.1491683125496,1023.65922924876,4.54167261719704,14.916917681694,47.0710049420595,1546.35379983485,85.9332702159882,163.107771545649,4.78476080298424,0.461031198501587,0.372325032949448,66.2475208044052,19.8556224405766
3.37960514426231,762.49776083231,9.84492248296738,1619.30535939336,294.15621945262,277.279412180185,612.119926065207,179.608227610588,15144.0579704344,2905.56379240751,186.83188533783,3359.02339628339,212.726343423128,77.2403334975243,1749.94870121777,27.9209140539169,21.622769266367,11.4740232825279,11.0167733132839,769.70506349206,16.5067701935768,7179.98709332943,33.1041015088558,19171.0071959794,717.612208276987,166.37276494503,1103.81272175908,3187.98251888156,40.1176790297031,45.6448574960232,103.275106340647,16.7447294890881,2.15085765719414,115.442212373018,47.7554945647717,201.188119918108,79.2282175421715,74.6219377815723,32.352485448122,512.732728213072,9.20642912387848,31.5348101556301,95.9578020274639,9.39718854427338,100.448608309031,46.3227044939995,149.060093998909,9.06971871852875,6.4661757349968,10.8217498362064,19.9452677667141,6.80229967832565,215.588535875082,4.47322487831116,54.7994458377361,492.203531712294,132.80718588829,4705.58933800459,744.670414805412,15.9972332715988,213.154378354549,9.13643229007721,84.0851370692253,23.0611012578011,1111.45862928033,9.71439588069916,5.1910525560379,3.44499534368515,178.156716942787,113.234080523252,1855.28082245588,227.667114526033,3812.19605523348,31.7289234399796,25.9278235137463,107.857047706842,2033.2016043961,116.047287762165,204.744082093239,4.82758656144142,6.1085832118988,7.66861739754677,44.9697684943676,17.6327835321426
400.297015637159,10.8136617541313,7609.02733954787,19707.7818632126,0,111.737078338861,6.29175925254822,7867.6395265758,2905.56379240751,213633.789192259,3.79440341889858,1.9232941865921,595.977340847254,5022.50003549457,484.814368441701,5048.55682572722,800.781955391169,21.1399621665478,2.02633261680603,2148.84437052906,65.7051623016596,5.35609489679337,13.8674494028091,4577.75177448988,911.085022360086,170.577611625195,2.23087739944458,26646.0784753114,2805.48034964502,264.645348012447,2340.07609057426,516.417264670134,110.276475444436,712.912560433149,0.653006553649902,5110.16763004661,2.11472404003143,1921.37531104684,5.98888266086578,2123.85410380363,878.736042305827,1.14163148403168,160.00891494751,12.1539631783962,205.862421929836,7.91405026614666,25.2896764278412,15.8090574741364,4.98959523439407,88.4165041297674,1267.97608748078,39.1133697032928,10.4138524532318,232.328233450651,3986.42348796129,8.19122791290283,124.698763012886,1388.89800235629,29.1972588002682,12.360808968544,12.3746652603149,5.74527990818024,5408.94359797239,0,85.9539310634136,25.7995779812336,6.66334673762321,6.88551560044289,460.399825662374,146.630654931068,4185.80032977462,71.5847710371017,6.12864887714386,5.05159184336662,17.250626206398,111.601940259337,28.2820115089417,36.2308366298676,105.215209037066,0,5790.70486049354,288.024499803782,65.6549678444862,8.45244371891022
0.981212139129639,56.9421572685242,54.4900927245617,3191.48417043686,31.7483279407024,13.6252314001322,6.42095971107483,714.525617957115,186.83188533783,3.79440341889858,91859.3910692334,2.5332872569561,14813.5134518743,821.899980425835,0,495.228992566466,313.338577091694,0,97.4717546999454,3.51981884241104,6.73192150890827,910.505251035094,104.373995929956,162.247060775757,145.477948471904,290.463914185762,1.08908569812775,226.417583659291,887.607962816954,0,36.9066780805588,64.2888696789742,0,4423.60136464238,16.367496997118,2365.22660033405,35.3560877740383,0.66007924079895,7.31105372309685,93.164797693491,847.242678523064,4287.7661100477,78.8328454196453,268.88502830267,28.4544731676579,93.9871297478676,7161.77077803016,2.60754436254501,290.40238969028,447.26503033936,23.6409978270531,18.5670436173677,0,2.05743470788002,6140.31716042757,2771.01192732155,76.3957560360432,3.09049218893051,61.4212136268616,1362.07741126418,2.22758758068085,0.408531695604324,3.46175596117973,0,15.1799496859312,538.669787123799,6.03305339813232,81.3157385289669,0,2336.16503678262,1752.29113149643,1.30243492126465,25.9554723501205,27.5674511492252,6591.54113586247,737.483297765255,13.4050267934799,0,107.638899475336,122.31243160367,254.111576616764,29.5378096699715,2233.75596162677,8.00155499577522
1210.84197807312,64.9589093029499,7.19448244571686,16.3655173778534,257.500309497118,229.656278967857,2.88966590166092,2750.13734686375,3359.02339628339,1.9232941865921,2.5332872569561,91225.9232889116,177.91531470418,1126.72637650371,0,40.9147707521915,117.326036483049,53.5303299129009,105.120271682739,0,35.1273598372936,2.33458065986633,6.29269608855247,2293.35745599866,87.8103635311127,11512.4703424424,18.2416601479053,4737.56226077676,513.024687319994,17.9176136255264,0.794667661190033,51.8363310098648,20.3878567814827,809.197957336903,115.335190474987,1110.89573894441,0,0.536505877971649,2.16941976547241,5280.40951523185,18.6269189119339,0.754771113395691,61.193856805563,0,22.7797923088074,19.1258984953165,5.1209577023983,1694.60943183303,35.1358495354652,0,557.609009176493,39916.8865566254,13.2996771037579,0.454657882452011,42.9534705430269,315.679564997554,1.73656609654427,623.61903950572,1.93536388874054,2.10456347465515,102.256180942059,2.93891870975494,5.79485234618187,1406.60319718719,51.1845590472221,67.4077536463737,0,199.199923932552,26.6480676531792,1.08837294578552,2.42018979787827,15.7791764438152,120.166056394577,0.892412334680557,2.11445516347885,8.45412385463715,371.304216921329,26.8156727850437,22.9742538034916,0,8.23166441917419,5.9630936384201,0.452224493026733,10.8917942345142
76.8810095489025,575.756249457598,62.5406436026096,16.225864559412,40.624814927578,367.342049852014,600.498122602701,1062.88726976514,212.726343423128,595.977340847254,14813.5134518743,177.91531470418,31060.0764242113,557.864665269852,22.7738421559334,207.051572650671,11.9796653687954,69.085639744997,24.1421570181847,15.3099750578403,435.541953206062,438.582221210003,469.422285288572,441.219566747546,13628.9946551621,745.914783775806,4575.92458429933,923.959512487054,578.291524380445,580.190481260419,4644.36465874314,617.950959280133,32.1190476417542,3658.65904563665,177.54661488533,2754.15307228267,891.628261446953,3716.66610370576,426.836390674114,1736.52538762987,697.132494151592,3558.89591649175,463.86189186573,249.066075921059,171.854912653565,112.859427690506,1536.50503852963,24.9433996677399,194.267428278923,10.8356572389603,51.5443765521049,25.7040329873562,10.3327324986458,30.9632277786732,149.942230075598,250.698978692293,115.398375660181,3.39213293790817,89.7117476761341,1074.93718013167,60.3484527468681,697.823279321194,61.6530794799328,27.2518382668495,239.526755452156,11.3806955218315,89.9400200843811,13.1096319854259,4.87716627120972,188.357584178448,38.5978085100651,142.741063445807,174.845382243395,1355.41091227531,695.441074863076,329.035643726587,413.029292285442,79.8051388561726,190.49289020896,423.255994588137,32.9594619274139,0.776898562908173,39.9106279015541,37.2530932426453
13039.49182567,16.8147613704205,535.634922087193,79.2783996760845,19.4189955294132,2557.59746593237,13097.2011488974,38404.8015720248,77.2403334975243,5022.50003549457,821.899980425835,1126.72637650371,557.864665269852,94892.5675353408,43.9634457528591,34.0112986564636,1130.23625895381,158.88769364357,468.630944877863,176.566650494933,311.809901207685,35.5731963962317,668.473015367985,401.242315411568,76.7552343606949,1266.10887221992,725.253809958696,1709.21880471706,25639.4629697204,6240.04960852861,29.6222818493843,375.268443420529,275.210497915745,4377.97041425109,188.116566687822,1534.53643324971,369.855103895068,1443.48696437478,265.691716790199,218.194142997265,111.176376521587,128.690135061741,70.8116833567619,3.57785525918007,94.3837992548943,39.2538814544678,154.127428978682,8.55392163991928,10.206984102726,3.22312313318253,23.6849426031113,9.26294481754303,6.96600437164307,0.528721690177917,23.823900103569,519.213680267334,103.290711611509,84.7596742808819,72.9106258451939,19.4778052568436,15.6413071751595,37.0490733981133,54.0307118296623,7.05475014448166,86.8897302746773,4.03211557865143,1.59253013134003,0.972432374954224,6.63680005073547,83.1197736859322,56.988490819931,39.1310618817806,750.652065068483,12.6189398467541,9.9725301861763,95.1094880104065,1099.74116620421,39.9311257004738,175.36518368125,2.9512859582901,3.58316987752914,6.41444021463394,26.8362857103348,11.1734985113144
441.055422872305,3.0865766108036,24.4734732210636,12.6876960396767,0,3387.62932877243,2.77449381351471,144.095517009497,1749.94870121777,484.814368441701,0,0,22.7738421559334,43.9634457528591,4320.24246776104,214.879398599267,0,0,0,269.183643817902,104.521977394819,7.27274766564369,100.805053204298,930.897824198008,184.228905424476,946.01766730845,120.787861526012,255.322525054216,16.6211376190186,0,1.94047817587852,0,14.5088601708412,47.7153421193361,666.925436556339,204.660359889269,13.5189971923828,59.0336939692497,21867.7737696469,7162.99611508846,1.43015587329865,288.217158436775,8.89836531877518,168.008893877268,5.02060890197754,6.05189871788025,5400.39393919706,1672.71747225523,0,10604.9432834089,8.11716803908348,0,0,0,1.02157366275787,14.0881460607052,151.506197050214,35.0216501355171,0,0.528276562690735,29.2919157445431,151.271320566535,39.9263291358948,14791.4085258245,55.6047546565533,319.980076342821,9.74859488010406,0,0,3.09985452890396,955.724316298962,3098.48563499749,36864.9913953245,4589.76202341914,12.7708961963654,7.04128503799438,57.0154225230217,522.024094104767,894.424629732966,0,0,85.7467775046825,11039.2442917526,3.70191168785095
2.89160588383675,0,5419.32646307349,14.6489780247211,21.702030479908,17467.2776740789,22.0460181236267,20.9859230816364,27.9209140539169,5048.55682572722,495.228992566466,40.9147707521915,207.051572650671,34.0112986564636,214.879398599267,35772.5359054208,11.0061504840851,45.2730102539062,112.823698997498,1259.21966359019,11038.819045648,599.912850901484,37.3604592680931,2932.83761778474,2.56537371873856,110.561519399285,51.8503041267395,3470.075268507,28.1689493209124,10.7939891517162,1.74253797531128,22.857149630785,17801.4607681185,11385.5189187527,135.781826376915,2029.59785181284,153.28465411067,341.23316526413,2483.82472717762,70.4729278385639,5.81891652941704,2323.57251232862,317.218091279268,746.363211423159,147.870514601469,0.37232431769371,166.950805276632,336.634393930435,5.34917101264,104.313467860222,270.284106612206,8.38582220673561,37.0320265293121,181.380175352097,0.372818827629089,259.552517861128,1308.78487947583,23.819812297821,6.60897681117058,14.8906465172768,0,2.25384068489075,3.38734152913094,10.2092214524746,10415.6846114546,208.753396838903,0,35.9377303421497,14.3886269330978,164.367322176695,52.2794106006622,1581.70951496065,199.625207766891,137.411263883114,1.51631641387939,2716.22952760756,238.076899945736,4.22163796424866,5.68003943562508,12.6111136674881,170.655630290508,16.1473388671875,3.4563327729702,0.451783001422882
0,31.7625655531883,297.385460466146,0,18.1726682782173,134.129103392363,364.616179943085,350.521159887314,21.622769266367,800.781955391169,313.338577091694,117.326036483049,11.9796653687954,1130.23625895381,0,11.0061504840851,35584.9399656653,562.293120801449,0,17.5613790750504,0,423.398409590125,4219.70253975689,137.367005139589,1553.25250260532,2093.65281906724,17.6438439786434,442.074617117643,1451.33404812217,1.86691473424435,0,5.83907717466354,2.8526349067688,40.5775365233421,86.2777375876904,833.645054101944,1122.9307782352,14.5518733859062,114.392732143402,68.1584822535515,204.75136038661,0,111.486491858959,4.54191076755524,63.8422993719578,92.1673456430435,0.402617663145065,624.802862435579,728.596229851246,64.2417888641357,772.069610983133,99.4548673033714,0,13.9522154927254,1662.34967988729,6.82369351387024,382.90432202816,6.31274661421776,110.258493542671,2.48506659269333,0.68452250957489,4107.64353053272,16.1161539554596,100.796544402838,30.8238541483879,12450.962426424,192.858619242907,10.9140308499336,83.4883877038956,18.9157793521881,1738.76389209926,151.418810516596,74.2661967277527,102.88831743598,56.546865016222,1764.42187958956,82.8863092660904,0,18.6402596533298,513.306868165731,5714.51904860139,4.40667319297791,29.3314366936684,12.6673170030117
0,0,39.9588421285152,2135.91577649117,3.43320658802986,13.5659788250923,1.41342854499817,133.379973679781,11.4740232825279,21.1399621665478,0,53.5303299129009,69.085639744997,158.88769364357,0,45.2730102539062,562.293120801449,19836.0720492899,0,0,252.056917265058,102.914699345827,51.1424713432789,7.51427310705185,14270.9420329332,3.56389600038528,2.89321014285088,55.2207641303539,262.227317810059,306.822831422091,0.358459711074829,1.77907478809357,0,10.4879043102264,25.9053047597408,1371.62835246325,44.4425963610411,3.95833346247673,3.95032843947411,73.1830695867538,0,128.612331852317,6.57400462031364,1.8527826666832,5.63105946779251,699.222299784422,8.1828261911869,156.280865848064,588.273881062865,0,20.1788095235825,24484.1939600706,0,0,157.616278484464,6.03151440620422,530.653913736343,1.19524145126343,231.30814665556,61.9808204770088,0,918.666431561112,2150.44366309047,0,3.12467303872108,886.011143296957,53.0336140394211,0.40741366147995,0,1971.77381189167,98.7344480454922,5.0349232852459,111.205109804869,0,1395.03893980384,327.404776990414,6.03738677501678,1.37070393562317,3.50192120671272,0,0,62.2319256067276,113.196252256632,2.14239013195038
3490.66986565292,616.411907553673,138.758728846908,0,590.66562525928,457.130653008819,108.336750000715,195.008430331945,11.0167733132839,2.02633261680603,97.4717546999454,105.120271682739,24.1421570181847,468.630944877863,0,112.823698997498,0,0,40963.0750172138,43.4009163081646,688.830960452557,0.38670825958252,163.937331825495,14.5702905654907,0,7.15494179725647,6.69675788283348,112.338106021285,783.120506554842,25.760022521019,0.809255421161652,2.31077453494072,68.0354731380939,320.642369747162,4877.78953795135,1722.63793253899,6.71632564067841,64.0057951062918,9152.92371225357,117.473995879292,0,2.42582404613495,17.3406261205673,265.498760432005,15.0937501192093,0,271.607938691974,10426.1105669141,1145.11155045033,2.50956788659096,1486.57150185108,51.2498205602169,46.5143929123878,0,2754.47504991293,605.271541416645,0,1.95802026987076,0,7.29976245760918,0,4627.56016203761,0,7.79002302885056,3.37898543477058,102.414457902312,3.84547570347786,26.2717769742012,0,34.6063798964024,69.4600152075291,3.82834289968014,27156.0872401893,482.616290390491,537.514608472586,671.819227486849,5.05017650127411,2.86137223243713,4.27362036705017,0,61.4204063862562,16554.2431847602,38.4812068343163,15.3099362701178
0,77.4855264127254,218.870753660798,15820.217271626,0,107.007424294949,385.767244517803,333.592299580574,769.70506349206,2148.84437052906,3.51981884241104,0,15.3099750578403,176.566650494933,269.183643817902,1259.21966359019,17.5613790750504,0,43.4009163081646,6430.06714576483,2463.45486739278,1739.843637079,1908.50009498,1562.42666676641,6.52957427501678,5.04964751005173,0,4570.69286006689,66.2671813219786,1.89726459980011,0,36.9970756173134,78.61667740345,0,111.312721729279,151.879382491112,12.2933487594128,6844.19627402723,0,475.561702698469,0,7.38251549005508,5.1411257982254,155.21466845274,5.77728587388992,25.7095160782337,3.78719985485077,0,260.503387972713,9.18149003386497,364.343045920134,31.6422418355942,30.5868719518185,1.74865835905075,49.6402539908886,2641.33507232368,1.49276462197304,254.102690726519,939.256185591221,2.30187037587166,0,34.0573974251747,538.752885296941,0,13.1808426380157,75.9170198142529,81.5595665276051,6798.30597829819,0,17784.9544995129,8.24315747618675,2.08767193555832,393.427474319935,130.608682781458,48.1063921302557,2.56445994973183,6.08349642157555,7.61082664132118,719.00429944694,4785.58927583694,0,0,101.72909411788,4252.53683874011
120.387920111418,206.405068814754,11.5234678685665,120.353516459465,11.4324013888836,8.62656509876251,15.4370687305927,247.546634927392,16.5067701935768,65.7051623016596,6.73192150890827,35.1273598372936,435.541953206062,311.809901207685,104.521977394819,11038.819045648,0,252.056917265058,688.830960452557,2463.45486739278,145444.905304521,74.0422907471657,388.427517086267,272.952467054129,4.99924367666245,1.35823902487755,53.9302813708782,10271.1651419997,661.956061959267,0.427833467721939,1827.48994612694,1263.56649208069,2.92953211069107,51.1055244207382,15.7291643321514,8172.63387024403,2.62201505899429,1256.2309653908,80.7430775761604,264.849310994148,20.2387741208076,0,134.471048533916,3033.17078834772,98.0438293516636,45.6522187292576,180.678201466799,5.55792412161827,151.957777798176,334.662315279245,73.4747834801674,1592.43058371544,41367.6039449871,12.5961892604828,152.124147832394,73.0312727838755,4.2039709687233,17.0482064187527,0.926221817731857,16.5878483355045,9513.30231422186,439.162727475166,66.424378246069,0.707651436328888,2385.58857424557,0.901446461677551,6.05217856168747,128.058042407036,1.372738301754,156.099012359977,53.7393519282341,0.873003005981445,304.821257323027,9.53100499510765,66.2836727499962,515.531693384051,193.12308716774,537.370060026646,550.002484336495,6.61659732460976,78.5122798681259,12.1883454918861,2730.45207324624,8.95927476882935
117.860735863447,714.664971083403,12.8542477488518,302.379688858986,0,38.7200233638287,3.42697221040726,35.3788449466228,7179.98709332943,5.35609489679337,910.505251035094,2.33458065986633,438.582221210003,35.5731963962317,7.27274766564369,599.912850901484,423.398409590125,102.914699345827,0.38670825958252,1739.843637079,74.0422907471657,12864.1629321873,323.138711810112,13127.7821404487,147.154258787632,55.9895681738853,19257.3594048172,1411.18122369051,44.0715717673302,407.930150449276,128.938893049955,21.7652652561665,3.68124693632126,154.261073023081,114.442624300718,126.638363033533,1605.3944684267,570.452310964465,253.79354801774,68.8244459927082,13540.9658091664,18.9657485187054,114.3077057302,16.7484953403473,58.3209878206253,2.28083336353302,5.94312888383865,6.67133656144142,482.603449046612,5.88433289527893,3.28532344102859,659.144382044673,1.09474459290504,3246.43020708859,71.4289483129978,481.380715876818,0.873411953449249,63.6039526462555,2.2609615623951,23.1915696561337,16.9347345232964,75.4863647818565,877.460329085588,104.485049128532,3025.29770755768,13.1510658562183,0,63.5468182265759,236.123527526855,86.28040599823,4.71003943681717,71.6167230904102,86.2010303884745,8.62160813808441,93.0363974869251,1649.02981048822,10.1674402654171,1.24265503883362,8.80341702699661,68.5031270384789,2861.79709017277,1.58393347263336,18.4064388275146,7.0158725976944
3935.46237620711,41.7805844247341,74.4633077979088,811.253972768784,0,1308.5441827774,0.328774720430374,440.975640296936,33.1041015088558,13.8674494028091,104.373995929956,6.29269608855247,469.422285288572,668.473015367985,100.805053204298,37.3604592680931,4219.70253975689,51.1424713432789,163.937331825495,1908.50009498,388.427517086267,323.138711810112,186968.761016667,490.008356958628,5.5566041469574,12.3462715744972,83.2234116196632,5560.7889444232,809.505571484566,3.35739785432816,1.18849346041679,15.5943687707186,539.162370547652,90.0319845080376,9823.73618666828,16601.0202556252,1.41055750846863,165.987490847707,4.55629780888557,889.680345386267,14.4893492162228,9403.95646637678,539.131669551134,33.1831479370594,351.250352680683,122.727700382471,13.949854016304,24.4772791564465,1.2134256362915,3.28047358989716,1549.99867260456,128.354842066765,46.097158819437,8.7670202255249,28.3063181638718,45.516919285059,1.12496876716614,10.0893706083298,416.089717596769,11.0168989896774,253.829936772585,369.843752548099,14.1120536029339,584.296263307333,6260.09143269062,18.0191954523325,24.5765144228935,1.32771980762482,0,10146.4708091617,484.67001709342,1.66682887077332,5.56542494893074,30.8849161863327,2282.61103034019,6360.56597015262,623.321339607239,86.0073880553246,7834.91107088327,92.7097431123257,406.741130828857,180.265761047602,89.3215513527393,106.068053483963
35.6284515559673,1396.44921803474,65.6091467440128,5232.01571112871,187.002411156893,290.773164719343,2457.3865788877,606.562921345234,19171.0071959794,4577.75177448988,162.247060775757,2293.35745599866,441.219566747546,401.242315411568,930.897824198008,2932.83761778474,137.367005139589,7.51427310705185,14.5702905654907,1562.42666676641,272.952467054129,13127.7821404487,490.008356958628,75546.9119496942,661.831928759813,192.389769509435,3387.61832037568,18095.8852623999,221.230707705021,143.775327295065,75.2999138385057,34.9913899004459,22.8987073898315,328.534546196461,93.1348877847195,787.089646533132,93.3784754276276,342.425911173224,131.701213151217,415.52555668354,50.9899055659771,26.6075775325298,526.778689950705,24.2226478606462,642.215943351388,255.26708945632,548.84877859056,81.6746966540813,20.9906542152166,44.1078338623047,94.3229543864727,74.8787277787924,127.091955929995,26.7199958860874,235.444612473249,2555.27357202768,729.378189608455,2210.90151688457,1174.45906949043,66.1373879611492,259.558408468962,78.7381435930729,584.302155315876,55.3012075424194,1825.32613828778,45.0570065975189,7.11948469281197,34.2286867797375,134.790304511786,715.416580080986,1349.06842643023,541.257774412632,8393.93920361996,16.1050141453743,40.9050208926201,911.241424739361,8093.26909358799,499.681042909622,724.815512403846,2.44936382770538,41.2122310400009,52.2860160470009,375.676016762853,56.9944329559803
2001.19050180912,1023.72714355588,257.466275602579,48.4213552474976,31.04239615798,104.872030138969,10.5949699878693,93.758814573288,717.612208276987,911.085022360086,145.477948471904,87.8103635311127,13628.9946551621,76.7552343606949,184.228905424476,2.56537371873856,1553.25250260532,14270.9420329332,0,6.52957427501678,4.99924367666245,147.154258787632,5.5566041469574,661.831928759813,5093.49235337973,12663.6760580242,123.254216343164,110.518006816506,83.7802152037621,17.6669760495424,616.173088386655,119.323857456446,100.438579142094,6.00052753090858,967.845495015383,177.360575065017,263.460320308805,267.081556677818,79.8958151638508,20.4824132323265,1.6507006585598,175.875699847937,38.7911306619644,271.517168313265,30.8741134852171,7.12527984380722,7.99046415090561,0,0.381212532520294,0,7.46877175569534,2.58296811580658,850.803821027279,3.41107738018036,96.5127320289612,33.7837727367878,6.27093496918678,10.5726805925369,2063.75490982831,486.67110081017,4.86931583285332,53.8616428375244,20.0583648979664,8.53621733188629,2.72623714804649,0,36.3618400096893,4666.11126680672,4.67499369382858,11.6496792137623,16408.3226831555,8995.93440133333,72.6492119729519,329.846091091633,9524.84526222944,1712.73916462064,839.541437074542,0.488386005163193,90.0649487227201,92.5787677168846,41.2831496298313,33.9593454003334,197.728786170483,383.41052532196
37.0377507656813,0.545566439628601,3706.86034053564,8.54035422205925,6.6363165974617,0,241.783954977989,671.867184236646,166.37276494503,170.577611625195,290.463914185762,11512.4703424424,745.914783775806,1266.10887221992,946.01766730845,110.561519399285,2093.65281906724,3.56389600038528,7.15494179725647,5.04964751005173,1.35823902487755,55.9895681738853,12.3462715744972,192.389769509435,12663.6760580242,163807.274929166,95.442271053791,449.614999160171,842.867927283049,540.805558785796,2.27089157700539,214.424367249012,9.56292942166328,1.88030615448952,0,5484.52893556654,1.24068513512611,6214.89777350426,34.1310518682003,286.069836497307,210.288747623563,0,358.267646253109,3.28190371394157,224.226130411029,19.8400195538998,2.18838077783585,1937.62248918414,2.86137372255325,327.292406976223,368.673490226269,0,3.43338480591774,3.31439793109894,1.63228166103363,10.8777402341366,104.453490257263,35.6992518603802,141.237930357456,1166.91735583544,97.0107511878014,6208.87193715572,25930.2395729721,43.6399384737015,34.6723508089781,14.917115688324,3.10328111052513,2608.90118588507,8947.23837795854,1.30729651451111,125.439957201481,4.62106424570084,3.68498238921165,661.209584623575,2653.41536714137,9391.88496595621,888.308575302362,6.33064258098602,21.8305768370628,5.06596505641937,49.3743142783642,400.21129180491,40.6263480782509,429.197457373142
364.181618541479,21789.2011193931,8.22163876891136,1854.53260889649,984.015750825405,45.5498661100864,23.1764641106129,568.910157561302,1103.81272175908,2.23087739944458,1.08908569812775,18.2416601479053,4575.92458429933,725.253809958696,120.787861526012,51.8503041267395,17.6438439786434,2.89321014285088,6.69675788283348,0,53.9302813708782,19257.3594048172,83.2234116196632,3387.61832037568,123.254216343164,95.442271053791,181753.206150755,4682.83910936117,846.524470493197,1.36896073818207,177.832704991102,52.9626778662205,3.18404799699783,14.4703932255507,231.173383355141,15824.4502746165,37.0041798055172,0.995709240436554,112.441447466612,1314.15955600142,2.21049249172211,100.978550881147,2558.2477902174,5.86242358386517,1651.39312776923,36.212653785944,254.116657584906,720.329120442271,223.506466567516,15.3565045297146,7.60758936405182,6.90364074707031,1.70944494009018,4.41907900571823,1.81803131103516,5.67903739213943,11057.2569843084,163.085686475039,76.0163490772247,678.844329640269,5308.06357514858,1.54687923192978,11.5090696513653,17.1858122944832,4257.01533128321,316.450729101896,35.899237126112,82.6001713573933,1642.31788232923,29.5113125145435,165.079446524382,393.045349538326,252.167813748121,233.69687962532,204.006662413478,57711.3010626137,855.908122986555,14.3398849368095,1122.27456983924,2.63690376281738,11.7095012366772,34.8665106594563,732.087264701724,827.010848730803
271.264373272657,214.762540712953,635.929286450148,20015.8059338331,76.258810788393,600.610953912139,56414.8156872988,1839.85053856671,3187.98251888156,26646.0784753114,226.417583659291,4737.56226077676,923.959512487054,1709.21880471706,255.322525054216,3470.075268507,442.074617117643,55.2207641303539,112.338106021285,4570.69286006689,10271.1651419997,1411.18122369051,5560.7889444232,18095.8852623999,110.518006816506,449.614999160171,4682.83910936117,128986.72695747,2515.66838662326,32860.1461584866,19.5746050775051,197.275221675634,651.065309584141,2602.73848894238,1034.14485099912,4943.11853320897,712.770482957363,3358.43316596746,1287.33835950494,675.578566372395,341.438061833382,89.5323788225651,566.48623496294,33.2024295926094,675.083451867104,287.431076943874,877.84904922545,77.8046108484268,29.4036994278431,56.4633055627346,57.6067768633366,68.5692192018032,215.293851792812,45.9865629374981,273.049740225077,3616.20914460719,852.838595107198,1283.79111006856,1564.18491819501,50.8120825588703,418.02622371912,149.262147694826,671.383179038763,63.6650850474834,2136.35322190821,46.8739918172359,1.08785080909729,11.0339881777763,169.190975487232,1228.55689145625,1198.8366484642,693.59509024024,8205.50045767426,9.89695283770561,40.6558726131916,1058.0776437819,9185.51883879304,583.652015909553,1368.68906824291,0.727847307920456,46.4211055934429,59.1307798624039,409.616926446557,122.504106760025
10220.1140757799,10.9335733950138,255.981538131833,39.6629057228565,14.3906586170197,664.309559345245,4110.08903008699,5703.25444835424,40.1176790297031,2805.48034964502,887.607962816954,513.024687319994,578.291524380445,25639.4629697204,16.6211376190186,28.1689493209124,1451.33404812217,262.227317810059,783.120506554842,66.2671813219786,661.956061959267,44.0715717673302,809.505571484566,221.230707705021,83.7802152037621,842.867927283049,846.524470493197,2515.66838662326,156101.191699475,17036.430256635,28.1895745098591,4960.81249445677,16148.9071968198,11174.5972924531,234.190636694431,1480.9125931859,432.778467938304,2756.9093953073,519.957692980766,140.223774164915,146.869416832924,95.2589191198349,85.449390873313,1.48802253603935,64.0492688715458,51.9893398582935,123.149342179298,5.25603032112122,4.08275073766708,4.18366461992264,19.1472434401512,10.7210890650749,1.37831741571426,3.56598198413849,14.796999245882,211.87682440877,27.5760917663574,26.3824841082096,16.9593120217323,6.01015385985374,2.51343965530396,35.5623966753483,30.1650619506836,2.16610315442085,255.874477908015,5.83955973386765,2.64115872979164,0.954463958740234,1.39169704914093,234.744191080332,80.2082835733891,55.2984206974506,397.957119613886,8.76926159858704,17.5034004747868,85.567537099123,672.259044274688,36.3883947432041,118.823688000441,1.12670361995697,2.12683665752411,3.64784401655197,28.4545564949512,20.9776117503643
