21040.4030528665,14.5185752809048,29.0542923808098,967.827268749475,0,0.346593022346497,7.53991848230362,2670.80509656668,3.37960514426231,95.2228845059872,466.96016895771,3.56141683459282,76.8810095489025,13039.49182567,0,208.753396838903,27.5674511492252,8.8759868144989,35.8202958405018,0,120.387920111418,1739.843637079,3935.46237620711,35.6284515559673,60.4496812820435,97.0107511878014,364.181618541479,271.264373272657,10220.1140757799,0,53.0336140394211,0,0,0.807864189147949,0,412.481927186251,134.015500485897,53.84411033988,1023.72714355588,27.8777269423008,23.2938748002052,1.07525980472565,15.067699611187,495.62665002048,20.1002248227596,38.4499837756157,1332.51730948687,0.452224493026733,201.741937309504,0.495690047740936,3.56389600038528,1.30403211712837,583.717726707458,0,243.970175892115,753.624340459704,1308.78487947583,4.57609733939171,3.33062097430229,1.23497378826141,143.511111348867,21.7018330693245,4.15670967102051,0,33.5665045976639,0,14.6824595928192,4666.11126680672,0,6309.56771554053,6.55309045314789,2.70742559432983,4.99962939321995,10520.8010618687,563.562904372811,50.4826214909554,1210.84197807312,14.3175335228443,1909.84629154205,3.46819758415222,2.66221272945404,100.438579142094,66.6857738792896,561.676205649972
14.5185752809048,5530.3073477149,179.680885702372,64.0223314762115,0,4640.53073306382,122.09060755372,24.3138055205345,762.49776083231,10.8136617541313,589.980645656586,3540.63324694335,575.756249457598,16.8147613704205,0,259.552517861128,64.9589093029499,0,0.269878029823303,0,206.405068814754,714.664971083403,4.55629780888557,1396.44921803474,8.53621733188629,1.78674501180649,21789.2011193931,214.762540712953,10.9335733950138,4479.05353826284,2.92953211069107,10.820952937007,0,763.722420781851,10426.1105669141,114.133577942848,1605.3944684267,16.3131528794765,151.677325069904,19.0982954502106,5.2506317794323,975.525561153889,307.822855740786,10.297218054533,112.546572461724,445.021977454424,9365.29387712479,0.377922892570496,860.540516406298,772.895093232393,64.430698171258,177.832704991102,460.399825662374,0,13584.2229266763,2641.33507232368,12.6876960396767,17.9950999617577,119.323857456446,59.4867344200611,0,8.80617386102676,5.79485234618187,12.1539631783962,31.2896793782711,3.77933251857758,0,16.6893500089645,150.045228853822,86.28040599823,86.7920250296593,153.232867211103,0.454657882452011,14.5298599898815,13.2872128784657,5313.32972899079,300.216885358095,14299.4103933275,0,0.22131010890007,65.1043992340565,95.6837726533413,32.6189578771591,5.55996137857437
29.0542923808098,179.680885702372,61028.6790305823,9.0119896531105,850.642373874784,5.34542480111122,1.42882645130157,375.785155147314,9.84492248296738,7609.02733954787,0.470458894968033,26.8156727850437,62.5406436026096,535.634922087193,431.778618484735,5419.32646307349,772.069610983133,0,84.7056841254234,21.8245397806168,11.5234678685665,12.8542477488518,74.4633077979088,65.6091467440128,257.466275602579,3706.86034053564,54.4900927245617,635.929286450148,255.981538131833,221.439997285604,254.111576616764,1448.23654665053,51.8363310098648,2.81712481379509,49.2881770431995,2635.84715077281,25.1002498716116,5.29974830150604,25.8689137101173,87.3197721242905,1.43953812122345,45.1571937799454,557.695780843496,268.88502830267,302.814040482044,3520.47655922174,28.9149748533964,0,23.9727534651756,4.66344398260117,9.54699283838272,112.405543506145,7.19448244571686,6.49044173955917,44.936380058527,5.39328229427338,5.26832947134972,22.8814839422703,2.2609615623951,15.6968297064304,138.758728846908,21.7836012542248,3919.10823094845,6.45526316761971,110.638509809971,1.9124781191349,1454.22643899918,3.84547570347786,61.4204063862562,83.1738252639771,29.1869944632053,46.5143929123878,1350.85845941305,4589.76202341914,294.092849701643,6769.63087852299,869.65625244379,1266.78250473738,218.870753660798,0,1.58393347263336,0.425587594509125,43.7669620215893,74.9316638112068
967.827268749475,64.0223314762115,9.0119896531105,29843.2958681285,21.8201320469379,10604.9432834089,22.0460181236267,191.924797296524,1619.30535939336,3.22682070732117,48.4213552474976,229.656278967857,16.225864559412,79.2783996760845,0,27.8936065137386,31.04239615798,0,0,0,120.353516459465,302.379688858986,19.5702917277813,5232.01571112871,36.3618400096893,11949.7488821149,1854.53260889649,20015.8059338331,39.6629057228565,343.719826728106,7.20646220445633,0,23.6075012534857,43.9046364426613,2.29893791675568,177.103676915169,82.0061233639717,15.0728521645069,38.42493891716,472.150197774172,0,68.840914607048,30.5719937384129,127.199201107025,22.7953381240368,0.648987531661987,0.433410942554474,175.98631477356,0,0.685500025749207,26.9923129975796,482.432540923357,0,48.1672304719687,74.5270601809025,4627.56016203761,34.1987300515175,568.668139100075,0,2.2090830206871,0,1122.9307782352,1.18896305561066,3.96474289894104,41.9083268046379,63.318178832531,3.51981884241104,0,2.71836340427399,5.90096962451935,44.4846276342869,5.28087976574898,202.425239920616,360.947749942541,111.106190621853,8.06790366768837,4.00143414735794,56.5655195116997,44.0522280335426,26.6065566837788,70.0144207179546,141.147611439228,20319.6655256748,0
0,0,850.642373874784,21.8201320469379,8649.30921536684,2471.7839127779,104.521977394819,70.6166382730007,294.15621945262,13.9522154927254,0,6.29269608855247,40.624814927578,19.4189955294132,0,0,0,15.6636483073235,49.9626029729843,7.31105372309685,70.5632039904594,88.4165041297674,1908.50009498,187.002411156893,0,280.998953431845,8.22163876891136,76.258810788393,14.3906586170197,0,1752.29113149643,0,522.536954194307,811.253972768784,359.145648241043,359.63686171174,4.54191076755524,9.70093956589699,99.4548673033714,11401.7996593714,0,3.29707735776901,4.2138084769249,24241.5930958688,2.27447485923767,2323.57251232862,3.78719985485077,147.376177251339,0,0,782.463973253965,6.05217856168747,261.217759042978,60.8333120346069,257.500309497118,49.7679081559181,36.5829361379147,7.9920272231102,10.7939891517162,0.859102010726929,238.033825963736,0,2609.6645489186,0,14.7640513777733,0,9.40461963415146,0,2.8526349067688,43.6320713460445,0,455.825346723199,1125.37072610855,10.8887239992619,0,1.83198955655098,0.695521712303162,0,36.3989441692829,0,0,0,64.1339723467827,2.22758758068085
0.346593022346497,4640.53073306382,5.34542480111122,10604.9432834089,2471.7839127779,88983.8743098974,4230.07093381882,18145.3647635132,277.279412180185,747.078126162291,246.780225113034,3146.81565573812,367.342049852014,2557.59746593237,35.1358495354652,17467.2776740789,16.0310329198837,2135.91577649117,1308.5441827774,1.18849346041679,8.62656509876251,38.7200233638287,37.4702200144529,290.773164719343,104.872030138969,20.3878567814827,45.5498661100864,600.610953912139,664.309559345245,31.6470435857773,86.6931584775448,14.6248484551907,7.65776109695435,231.645959109068,13.6252314001322,2533.14052689075,3006.70875090361,5.64855480194092,30.5868719518185,8112.66937938333,5.10838541388512,19.5491137206554,42.8469818532467,35.261972039938,36.9268160164356,44.6320886164904,1455.54088889062,8.8036507666111,333.972611278296,6315.11557587981,220.85478451848,188.655244737864,3507.95833945274,0,4.98821133375168,40.3590018451214,1251.5942350775,122.202276259661,27.3030681312084,10.3368952870369,1.48396122455597,16.7687686681747,11031.821980536,109.638724505901,23.4236611127853,30.9772169589996,0,16.3754416406155,48.2367561459541,10.2877785414457,4112.72393204272,663.57704564929,54.6555747389793,5045.53776153922,210.324871361256,14.1586582958698,165.346042394638,48.9400241076946,334.442527234554,0,3387.62932877243,0,79.5933069884777,252.684221506119
7.53991848230362,122.09060755372,1.42882645130157,22.0460181236267,104.521977394819,4230.07093381882,107548.136767626,6027.37450072169,612.119926065207,6.29175925254822,6.42095971107483,2.88966590166092,600.498122602701,13097.2011488974,144.432107359171,336.634393930435,364.616179943085,11.6496792137623,0,418.995609268546,15.4370687305927,3.42697221040726,0.328774720430374,2457.3865788877,10.5949699878693,83.8396059572697,23.1764641106129,56414.8156872988,4110.08903008699,44.6457039862871,280.511259540915,690.328139334917,0,44.0907989442348,237.775375545025,6473.05740129948,1.61990284919739,8439.24158637226,58.9533286243677,647.565330594778,0.690785467624664,2453.97769230604,189.502192765474,108.82088214159,281.729311823845,1.35426634550095,120.491182714701,56.8438416421413,9152.92371225357,440.999374598265,10176.5361989439,0.88443586230278,204.11418697238,27156.0872401893,3633.63982099295,1750.37702403963,229.955092564225,424.666386514902,939.256185591221,18.6239167749882,7.8843412399292,15538.8935552239,86.8059209287167,65.6319905221462,276.146129608154,1.256108045578,11.0132383108139,312.903205007315,45.4243054986,3.10874235630035,67.5619307607412,42.9441493153572,97.8595053106546,958.999555766582,134.129103392363,812.632807269692,4.26280242204666,90.4465274810791,0.548639118671417,3110.88721893728,98.1673846840858,1.26294958591461,1110.42030008137,28.6439330875874
2670.80509656668,24.3138055205345,375.785155147314,191.924797296524,70.6166382730007,18145.3647635132,6027.37450072169,86251.2634719461,179.608227610588,7867.6395265758,714.525617957115,2750.13734686375,1062.88726976514,38404.8015720248,144.095517009497,20.9859230816364,350.521159887314,133.379973679781,195.008430331945,333.592299580574,247.546634927392,35.3788449466228,440.975640296936,606.562921345234,93.758814573288,671.867184236646,568.910157561302,1839.85053856671,5703.25444835424,2257.60236373544,23.8778369426727,1314.98425534368,69.5839471817017,3641.54623281956,206.293885886669,3194.86809022725,633.285287991166,1893.86242206395,317.783444017172,736.812178730965,179.912406146526,206.668011456728,80.294297516346,17.5401176214218,117.941035956144,53.9320570230484,184.395169705153,9.98184484243393,23.5084360837936,7.80283653736115,10.8432460427284,5.55691432952881,16.3848085105419,4.90778267383575,38.5502779483795,811.380110904574,147.164309561253,131.133218556643,144.80211430788,27.6422399878502,48.5239281356335,52.3652063012123,99.5099849998951,11.0925316214561,97.4168929308653,1.12750977277756,2.06611800193787,0.512066125869751,13.3951023817062,71.2436298131943,36.8979603946209,25.1491683125496,1023.65922924876,4.54167261719704,14.916917681694,47.0710049420595,1546.35379983485,85.9332702159882,163.107771545649,4.78476080298424,0.461031198501587,0.372325032949448,66.2475208044052,19.8556224405766
3.37960514426231,762.49776083231,9.84492248296738,1619.30535939336,294.15621945262,277.279412180185,612.119926065207,179.608227610588,15144.0579704344,2905.56379240751,186.83188533783,3359.02339628339,212.726343423128,77.2403334975243,1749.94870121777,27.9209140539169,21.622769266367,11.4740232825279,11.0167733132839,769.70506349206,16.5067701935768,7179.98709332943,33.1041015088558,19171.0071959794,717.612208276987,166.37276494503,1103.81272175908,3187.98251888156,40.1176790297031,45.6448574960232,103.275106340647,16.7447294890881,2.15085765719414,115.442212373018,47.7554945647717,201.188119918108,79.2282175421715,74.6219377815723,32.352485448122,512.732728213072,9.20642912387848,31.5348101556301,95.9578020274639,9.39718854427338,100.448608309031,46.3227044939995,149.060093998909,9.06971871852875,6.4661757349968,10.8217498362064,19.9452677667141,6.80229967832565,215.588535875082,4.47322487831116,54.7994458377361,492.203531712294,132.80718588829,4705.58933800459,744.670414805412,15.9972332715988,213.154378354549,9.13643229007721,84.0851370692253,23.0611012578011,1111.45862928033,9.71439588069916,5.1910525560379,3.44499534368515,178.156716942787,113.234080523252,1855.28082245588,227.667114526033,3812.19605523348,31.7289234399796,25.9278235137463,107.857047706842,2033.2016043961,116.047287762165,204.744082093239,4.82758656144142,6.1085832118988,7.66861739754677,44.9697684943676,17.6327835321426
95.2228845059872,10.8136617541313,7609.02733954787,3.22682070732117,13.9522154927254,747.078126162291,6.29175925254822,7867.6395265758,2905.56379240751,213633.789192259,1259.21966359019,1.9232941865921,595.977340847254,5022.50003549457,878.736042305827,5048.55682572722,3.79440341889858,385.767244517803,0,111.737078338861,65.7051623016596,5.35609489679337,10.4138524532318,4577.75177448988,5790.70486049354,170.577611625195,2.23087739944458,26646.0784753114,2805.48034964502,264.645348012447,0.545566439628601,516.417264670134,1.2622312605381,712.912560433149,18.1726682782173,5110.16763004661,21.0422478020191,1921.37531104684,616.411907553673,2123.85410380363,154.782309174538,1.14163148403168,160.00891494751,400.297015637159,205.862421929836,7.91405026614666,25.2896764278412,79.702930778265,213.338955163956,110.561519399285,1267.97608748078,39.1133697032928,0,666.925436556339,3986.42348796129,8.19122791290283,124.698763012886,1388.89800235629,911.085022360086,12.360808968544,10.3303589224815,5.74527990818024,5408.94359797239,121.483095169067,85.9539310634136,0,6.66334673762321,6.88551560044289,10.4879043102264,146.630654931068,4185.80032977462,71.5847710371017,6.12864887714386,21.702030479908,2340.07609057426,111.601940259337,28.2820115089417,36.2308366298676,105.215209037066,1917.11849986017,2.11472404003143,5.98888266086578,65.6549678444862,8.45244371891022
466.96016895771,589.980645656586,0.470458894968033,48.4213552474976,0,246.780225113034,6.42095971107483,714.525617957115,186.83188533783,1259.21966359019,91859.3910692334,5.83907717466354,14813.5134518743,821.899980425835,0,495.228992566466,39916.8865566254,6591.54113586247,134.40660238266,15.3565045297146,334.662315279245,2.09676116704941,30.8849161863327,162.247060775757,145.477948471904,3.10328111052513,1.08908569812775,226.417583659291,887.607962816954,38.3105988502502,3.43320658802986,9.74859488010406,49.6402539908886,122.31243160367,16.367496997118,2365.22660033405,35.3560877740383,0.66007924079895,313.338577091694,93.164797693491,1117.63574314117,204.871358722448,78.8328454196453,36022.133140862,28.4544731676579,0,7161.77077803016,4785.58927583694,0.99530702829361,0,23.6409978270531,76.3957560360432,0,0,0.664173364639282,2771.01192732155,23.1712558716536,3.09049218893051,61.4212136268616,1362.07741126418,2.60754436254501,0.408531695604324,3.46175596117973,0,15.1799496859312,3.41107738018036,17.250626206398,10.5470229834318,1.89726459980011,2336.16503678262,2.35153812170029,1.30243492126465,6140.31716042757,1.92062273621559,17.5613790750504,737.483297765255,13.4050267934799,5719.52460631728,107.638899475336,0,6.17776358127594,0.769263982772827,2.10710555315018,8.00155499577522
3.56141683459282,3540.63324694335,26.8156727850437,229.656278967857,6.29269608855247,3146.81565573812,2.88966590166092,2750.13734686375,3359.02339628339,1.9232941865921,5.83907717466354,91225.9232889116,177.91531470418,1126.72637650371,26223.6868817657,17776.2787757218,114.392732143402,128.612331852317,0,1395.03893980384,35.1273598372936,1.93536388874054,49.5041308999062,2293.35745599866,13.7132166922092,11512.4703424424,18.2416601479053,4737.56226077676,513.024687319994,27.4773649424314,948.435401409864,0,0,1486.57150185108,115.335190474987,1110.89573894441,0,0.536505877971649,2.16941976547241,5280.40951523185,61.7255008220673,2.32867169380188,61.193856805563,53.5303299129009,22.7797923088074,7.31600764393806,5.1209577023983,5714.51904860139,1900.70512619615,0,106.002761691809,34.1045737862587,0.754771113395691,1.08837294578552,42.9534705430269,315.679564997554,126.263512253761,623.61903950572,26.6480676531792,2.10456347465515,1.94047817587852,2.93891870975494,102.256180942059,0,51.1845590472221,67.4077536463737,2.32803398370743,7.79002302885056,2.117934435606,41.3783918023109,11.1058865487576,15.7791764438152,38.8036263287067,16.3655173778534,3.19439512491226,8.45412385463715,371.304216921329,30301.6579761803,22.9742538034916,0,40.9147707521915,557.609009176493,18.4064388275146,10.8917942345142
76.8810095489025,575.756249457598,62.5406436026096,16.225864559412,40.624814927578,367.342049852014,600.498122602701,1062.88726976514,212.726343423128,595.977340847254,14813.5134518743,177.91531470418,31060.0764242113,557.864665269852,22.7738421559334,207.051572650671,11.9796653687954,69.085639744997,24.1421570181847,15.3099750578403,435.541953206062,438.582221210003,469.422285288572,441.219566747546,13628.9946551621,745.914783775806,4575.92458429933,923.959512487054,578.291524380445,580.190481260419,4644.36465874314,617.950959280133,32.1190476417542,3658.65904563665,177.54661488533,2754.15307228267,891.628261446953,3716.66610370576,426.836390674114,1736.52538762987,697.132494151592,3558.89591649175,463.86189186573,249.066075921059,171.854912653565,112.859427690506,1536.50503852963,24.9433996677399,194.267428278923,10.8356572389603,51.5443765521049,25.7040329873562,10.3327324986458,30.9632277786732,149.942230075598,250.698978692293,115.398375660181,3.39213293790817,89.7117476761341,1074.93718013167,60.3484527468681,697.823279321194,61.6530794799328,27.2518382668495,239.526755452156,11.3806955218315,89.9400200843811,13.1096319854259,4.87716627120972,188.357584178448,38.5978085100651,142.741063445807,174.845382243395,1355.41091227531,695.441074863076,329.035643726587,413.029292285442,79.8051388561726,190.49289020896,423.255994588137,32.9594619274139,0.776898562908173,39.9106279015541,37.2530932426453
13039.49182567,16.8147613704205,535.634922087193,79.2783996760845,19.4189955294132,2557.59746593237,13097.2011488974,38404.8015720248,77.2403334975243,5022.50003549457,821.899980425835,1126.72637650371,557.864665269852,94892.5675353408,43.9634457528591,34.0112986564636,1130.23625895381,158.88769364357,468.630944877863,176.566650494933,311.809901207685,35.5731963962317,668.473015367985,401.242315411568,76.7552343606949,1266.10887221992,725.253809958696,1709.21880471706,25639.4629697204,6240.04960852861,29.6222818493843,375.268443420529,275.210497915745,4377.97041425109,188.116566687822,1534.53643324971,369.855103895068,1443.48696437478,265.691716790199,218.194142997265,111.176376521587,128.690135061741,70.8116833567619,3.57785525918007,94.3837992548943,39.2538814544678,154.127428978682,8.55392163991928,10.206984102726,3.22312313318253,23.6849426031113,9.26294481754303,6.96600437164307,0.528721690177917,23.823900103569,519.213680267334,103.290711611509,84.7596742808819,72.9106258451939,19.4778052568436,15.6413071751595,37.0490733981133,54.0307118296623,7.05475014448166,86.8897302746773,4.03211557865143,1.59253013134003,0.972432374954224,6.63680005073547,83.1197736859322,56.988490819931,39.1310618817806,750.652065068483,12.6189398467541,9.9725301861763,95.1094880104065,1099.74116620421,39.9311257004738,175.36518368125,2.9512859582901,3.58316987752914,6.41444021463394,26.8362857103348,11.1734985113144
0,0,431.778618484735,0,0,35.1358495354652,144.432107359171,144.095517009497,1749.94870121777,878.736042305827,0,26223.6868817657,22.7738421559334,43.9634457528591,4320.24246776104,19.6241534352303,728.596229851246,2001.19050180912,0,13.6318254768848,9918.7630020678,3.68124693632126,20.5855197608471,930.897824198008,2654.54786407948,0,120.787861526012,255.322525054216,16.6211376190186,3.04440402984619,0,120.473336532712,0,12450.962426424,3.43338480591774,204.660359889269,12.1893498599529,10.6032246947289,9403.95646637678,7162.99611508846,48.1063921302557,0,8.89836531877518,0,5.02060890197754,69.7957174479961,13.949854016304,1.56806066632271,22.2933546900749,0,6.52030390501022,1337.15020991862,0,8580.61430326104,1.02157366275787,1.77907478809357,0,35.0216501355171,65.1836586296558,0.528276562690735,0,151.271320566535,39.9263291358948,0.654250234365463,55.6047546565533,19707.7818632126,33.3863233327866,0.809255421161652,2.06005042791367,0.678564190864563,3.0865766108036,11039.2442917526,1.71668201684952,4.86931583285332,191.157057270408,7.04128503799438,0.294403284788132,421.812264949083,99.4136343747377,234.646941244602,0,0,505.647058367729,3.70191168785095
208.753396838903,259.552517861128,5419.32646307349,27.8936065137386,0,17467.2776740789,336.634393930435,20.9859230816364,27.9209140539169,5048.55682572722,495.228992566466,17776.2787757218,207.051572650671,34.0112986564636,19.6241534352303,35772.5359054208,9.03043115139008,3.50192120671272,5.34917101264,269.183643817902,11038.819045648,45.2730102539062,37.3604592680931,2932.83761778474,2.56537371873856,7.15494179725647,51.8503041267395,3470.075268507,28.1689493209124,2.89160588383675,3623.3259319663,35.9377303421497,14.6489780247211,11385.5189187527,135.781826376915,2029.59785181284,153.28465411067,341.23316526413,2483.82472717762,70.4729278385639,5.81891652941704,35.8769547194242,317.218091279268,10.2092214524746,147.870514601469,0.37232431769371,166.950805276632,1318.4429923892,588.273881062865,16.1473388671875,270.284106612206,8.38582220673561,37.0320265293121,3558.01233372092,0.372818827629089,274.303075999022,11.0093224942684,23.819812297821,6.60897681117058,14.8906465172768,0,2.25384068489075,108.604517370462,0,10415.6846114546,1.76694095134735,553.321820572019,2.68471503257751,2327.30869953334,164.367322176695,52.2794106006622,1581.70951496065,199.625207766891,238.076899945736,1.51631641387939,2716.22952760756,30.6705721616745,4.22163796424866,5.68003943562508,1145.11155045033,170.655630290508,232.328233450651,3.38734152913094,0.451783001422882
27.5674511492252,64.9589093029499,772.069610983133,31.04239615798,0,16.0310329198837,364.616179943085,350.521159887314,21.622769266367,3.79440341889858,39916.8865566254,114.392732143402,11.9796653687954,1130.23625895381,728.596229851246,9.03043115139008,35584.9399656653,3184.69603352249,9.33248454332352,0,5.55792412161827,423.398409590125,4219.70253975689,137.367005139589,34351.2273007333,0,562.293120801449,442.074617117643,1451.33404812217,1.86691473424435,201.332401558757,14.798099398613,90.3706696927547,40.5775365233421,86.2777375876904,833.645054101944,10.9140308499336,14.5518733859062,0,68.1584822535515,7.38251549005508,6.05373308062553,111.486491858959,114.442624300718,63.8422993719578,6384.21278762817,0,982.73243060708,110.837896749377,21.1399621665478,3831.87291553617,0,0,20.3773066103458,85.7467775046825,5.09711310267448,0,6.31274661421776,1.49276462197304,2.48506659269333,205.462957918644,0.358459711074829,297.385460466146,2861.79709017277,30.8238541483879,113.772239148617,0,5.19011098146439,15.837345212698,17784.9544995129,1738.76389209926,151.418810516596,74.2661967277527,102.88831743598,6.58023563027382,1764.42187958956,82.8863092660904,15.3003903627396,18.6402596533298,3191.48417043686,1.57483994960785,11.0061504840851,29.3314366936684,5.43775296211243
8.8759868144989,0,0,0,15.6636483073235,2135.91577649117,11.6496792137623,133.379973679781,11.4740232825279,385.767244517803,6591.54113586247,128.612331852317,69.085639744997,158.88769364357,2001.19050180912,3.50192120671272,3184.69603352249,19836.0720492899,6.71632564067841,0,11.4324013888836,102.914699345827,51.1424713432789,7.51427310705185,80.3202275335789,6.03738677501678,17.9176136255264,55.2207641303539,262.227317810059,24.0054923295975,0,1263.56649208069,0.467744618654251,3.24926540255547,0.348203748464584,1371.62835246325,116.652986094356,3.95833346247673,118.748813644052,73.1830695867538,107.115212321281,56.546865016222,6.57400462031364,12.1709413230419,5.63105946779251,0,8.1828261911869,1694.60943183303,0,253.79354801774,0,4.98959523439407,0,27.6058285236359,157.616278484464,6.03151440620422,847.242678523064,1.19524145126343,231.30814665556,61.9808204770088,51.7358794808388,918.666431561112,0,0,3.12467303872108,2.47557038068771,0,0,0,0,98.7344480454922,5.0349232852459,306.822831422091,39.9588421285152,2256.44508507848,327.404776990414,13.5189971923828,57.8692770451307,410.677525475621,699.222299784422,0,0,113.196252256632,0.925178438425064
35.8202958405018,0.269878029823303,84.7056841254234,0,49.9626029729843,1308.5441827774,0,195.008430331945,11.0167733132839,0,134.40660238266,0,24.1421570181847,468.630944877863,0,5.34917101264,9.33248454332352,6.71632564067841,40963.0750172138,0,688.830960452557,0.38670825958252,41.7805844247341,14.5702905654907,0.549663066864014,2.31077453494072,6.69675788283348,112.338106021285,783.120506554842,136.941276103258,192.858619242907,10.0488881766796,7688.1282171607,27.1476545333862,285.642850399017,1722.63793253899,1.83178287744522,64.0057951062918,0,117.473995879292,22.290185958147,0,17.3406261205673,137.411263883114,15.0937501192093,59.3208999633789,271.607938691974,0,1.57655274868011,618.428828001022,83.4883877038956,51.2498205602169,41.3061831891537,0,43.4009163081646,108.336750000715,78.5122798681259,1.95802026987076,62.2322662323713,7.29976245760918,0,5.82208168506622,1331.13734994829,0,3.37898543477058,102.414457902312,40.6533333063126,407.930150449276,0,34.6063798964024,599.912850901484,3.82834289968014,111.205109804869,482.616290390491,21.7652652561665,671.819227486849,5.05017650127411,165.853382498026,7.48511236906052,53.8616428375244,0,233.111697390676,2.02633261680603,15.3099362701178
0,0,21.8245397806168,0,7.31105372309685,1.18849346041679,418.995609268546,333.592299580574,769.70506349206,111.737078338861,15.3565045297146,1395.03893980384,15.3099750578403,176.566650494933,13.6318254768848,269.183643817902,0,0,0,6430.06714576483,1.35823902487755,55.3528209328651,0.279924839735031,1562.42666676641,584.296263307333,946.01766730845,0,4570.69286006689,66.2671813219786,5.9630936384201,0,2.37429249286652,0,624.116521477699,155.21466845274,151.879382491112,12.7708961963654,6844.19627402723,323.619920551777,475.561702698469,61.9706344604492,2527.32558427751,5.1411257982254,16.7484953403473,5.77728587388992,12020.4026273191,28651.6472564042,346.341130122542,8.23166441917419,0,0,393.427474319935,12.2520391941071,2.49314013123512,10.2462884932756,530.653913736343,560.703613057733,254.102690726519,3771.15697227418,2.30187037587166,0,34.0573974251747,62.2319256067276,0,13.1808426380157,2.27089157700539,10.7743251919746,6.49980545043945,87.8103635311127,1478.35576537251,8.24315747618675,2.08767193555832,7.25311350822449,0,18.5670436173677,2.56445994973183,6.08349642157555,37.4517687857151,265.498760432005,0,129.579510718584,234.907094538212,101.72909411788,1.74865835905075
120.387920111418,206.405068814754,11.5234678685665,120.353516459465,70.5632039904594,8.62656509876251,15.4370687305927,247.546634927392,16.5067701935768,65.7051623016596,334.662315279245,35.1273598372936,435.541953206062,311.809901207685,9918.7630020678,11038.819045648,5.55792412161827,11.4324013888836,688.830960452557,1.35823902487755,145444.905304521,74.0422907471657,4.99924367666245,272.952467054129,1256.2309653908,43.6399384737015,53.9302813708782,10271.1651419997,661.956061959267,2463.45486739278,0,2.44152009487152,29.3240336179733,51.1055244207382,15.7291643321514,8172.63387024403,453.473444744945,252.056917265058,80.7430775761604,264.849310994148,9.30853793025017,9.53100499510765,134.471048533916,3033.17078834772,98.0438293516636,45.6522187292576,180.678201466799,20.2387741208076,151.957777798176,9.32914456725121,73.4747834801674,1592.43058371544,0,12.5961892604828,152.124147832394,73.0312727838755,41367.6039449871,17.0482064187527,0.926221817731857,16.5878483355045,9513.30231422186,388.427517086267,66.424378246069,2.62201505899429,2385.58857424557,0.901446461677551,4.2039709687233,128.058042407036,1.372738301754,156.099012359977,53.7393519282341,0.873003005981445,304.821257323027,8.34499758481979,66.2836727499962,515.531693384051,193.12308716774,537.370060026646,550.002484336495,17.238195836544,6.73192150890827,12.1883454918861,2730.45207324624,8.95927476882935
1739.843637079,714.664971083403,12.8542477488518,302.379688858986,88.4165041297674,38.7200233638287,3.42697221040726,35.3788449466228,7179.98709332943,5.35609489679337,2.09676116704941,1.93536388874054,438.582221210003,35.5731963962317,3.68124693632126,45.2730102539062,423.398409590125,102.914699345827,0.38670825958252,55.3528209328651,74.0422907471657,12864.1629321873,1.12496876716614,13127.7821404487,147.154258787632,104.485049128532,19257.3594048172,1411.18122369051,44.0715717673302,17.6669760495424,93.0363974869251,118.495255857706,0,154.261073023081,25.9053047597408,126.638363033533,61.6907486617565,570.452310964465,1393.06628260016,68.8244459927082,6.52957427501678,7938.82604332268,114.3077057302,39.1641655862331,58.3209878206253,2.28083336353302,5.94312888383865,2653.41536714137,482.603449046612,5.88433289527893,3.28532344102859,659.144382044673,0,117.860735863447,71.4289483129978,481.380715876818,0.313337773084641,63.6039526462555,13540.9658091664,23.1915696561337,178.442081749439,75.4863647818565,877.460329085588,2.33458065986633,3025.29770755768,538.669787123799,36.9066780805588,63.5468182265759,2.17227473855019,1.09474459290504,4.71003943681717,71.6167230904102,86.2010303884745,8.62160813808441,32.9290142208338,1649.02981048822,1736.09177358449,1.24265503883362,8.80341702699661,2.94526150822639,55.9895681738853,910.505251035094,16.9347345232964,7.0158725976944
3935.46237620711,4.55629780888557,74.4633077979088,19.5702917277813,1908.50009498,37.4702200144529,0.328774720430374,440.975640296936,33.1041015088558,10.4138524532318,30.8849161863327,49.5041308999062,469.422285288572,668.473015367985,20.5855197608471,37.3604592680931,4219.70253975689,51.1424713432789,41.7805844247341,0.279924839735031,4.99924367666245,1.12496876716614,186968.761016667,490.008356958628,5.5566041469574,12.3462715744972,83.2234116196632,5560.7889444232,809.505571484566,3.35739785432816,0,15.5943687707186,2.23834002017975,13.8674494028091,9823.73618666828,16601.0202556252,48.0662589669228,165.987490847707,447.26503033936,889.680345386267,53.6818712055683,0.725822687149048,539.131669551134,33.1831479370594,351.250352680683,122.727700382471,0.402617663145065,24.4772791564465,1.2134256362915,4.67499369382858,1549.99867260456,278.956546366215,319.980076342821,8.7670202255249,28.3063181638718,45.516919285059,127.739707261324,10.0893706083298,3.26919460296631,11.0168989896774,253.829936772585,369.843752548099,14.1120536029339,90.0649487227201,6260.09143269062,100.805053204298,75.9170198142529,128.354842066765,0,3.09985452890396,484.67001709342,18.0191954523325,28.4842677414417,92.7097431123257,2282.61103034019,6360.56597015262,623.321339607239,86.0073880553246,7834.91107088327,163.937331825495,65.2655289620161,104.373995929956,89.3215513527393,106.068053483963
35.6284515559673,1396.44921803474,65.6091467440128,5232.01571112871,187.002411156893,290.773164719343,2457.3865788877,606.562921345234,19171.0071959794,4577.75177448988,162.247060775757,2293.35745599866,441.219566747546,401.242315411568,930.897824198008,2932.83761778474,137.367005139589,7.51427310705185,14.5702905654907,1562.42666676641,272.952467054129,13127.7821404487,490.008356958628,75546.9119496942,661.831928759813,192.389769509435,3387.61832037568,18095.8852623999,221.230707705021,143.775327295065,75.2999138385057,34.9913899004459,22.8987073898315,328.534546196461,93.1348877847195,787.089646533132,93.3784754276276,342.425911173224,131.701213151217,415.52555668354,50.9899055659771,26.6075775325298,526.778689950705,24.2226478606462,642.215943351388,255.26708945632,548.84877859056,81.6746966540813,20.9906542152166,44.1078338623047,94.3229543864727,74.8787277787924,127.091955929995,26.7199958860874,235.444612473249,2555.27357202768,729.378189608455,2210.90151688457,1174.45906949043,66.1373879611492,259.558408468962,78.7381435930729,584.302155315876,55.3012075424194,1825.32613828778,45.0570065975189,7.11948469281197,34.2286867797375,134.790304511786,715.416580080986,1349.06842643023,541.257774412632,8393.93920361996,16.1050141453743,40.9050208926201,911.241424739361,8093.26909358799,499.681042909622,724.815512403846,2.44936382770538,41.2122310400009,52.2860160470009,375.676016762853,56.9944329559803
60.4496812820435,8.53621733188629,257.466275602579,36.3618400096893,0,104.872030138969,10.5949699878693,93.758814573288,717.612208276987,5790.70486049354,145.477948471904,13.7132166922092,13628.9946551621,76.7552343606949,2654.54786407948,2.56537371873856,34351.2273007333,80.3202275335789,0.549663066864014,584.296263307333,1256.2309653908,147.154258787632,5.5566041469574,661.831928759813,5093.49235337973,12663.6760580242,123.254216343164,110.518006816506,83.7802152037621,616.173088386655,87.2536224126816,153.693097501993,0,6.00052753090858,0.702762186527252,177.360575065017,263.460320308805,267.081556677818,79.8958151638508,20.4824132323265,29.2919157445431,175.875699847937,38.7911306619644,288.024499803782,30.8741134852171,7.12527984380722,32.0258388519287,624.802862435579,3.5285821557045,886.011143296957,29.6448884010315,2.58296811580658,271.517168313265,12.2694387435913,0.488386005163193,110.888418197632,6.27093496918678,10.5726805925369,2063.75490982831,486.67110081017,0.381212532520294,101.733699947596,20.0583648979664,17.1858122944832,2.72623714804649,0.610936760902405,850.803821027279,96.5127320289612,24.216664403677,537.514608472586,16408.3226831555,7.99046415090561,72.6492119729519,329.846091091633,9524.84526222944,1712.73916462064,213.171657681465,92.5787677168846,214.435399353504,8.54035422205925,0,0,197.728786170483,383.41052532196
97.0107511878014,1.78674501180649,3706.86034053564,11949.7488821149,280.998953431845,20.3878567814827,83.8396059572697,671.867184236646,166.37276494503,170.577611625195,3.10328111052513,11512.4703424424,745.914783775806,1266.10887221992,0,7.15494179725647,0,6.03738677501678,2.31077453494072,946.01766730845,43.6399384737015,104.485049128532,12.3462715744972,192.389769509435,12663.6760580242,163807.274929166,95.442271053791,449.614999160171,842.867927283049,540.805558785796,0,290.463914185762,2.86137372255325,1.88030615448952,502.460457876325,5484.52893556654,1.24068513512611,6214.89777350426,34.1310518682003,286.069836497307,12.2250545024872,47.1910860240459,358.267646253109,5.06596505641937,224.226130411029,16.2233120799065,2.18838077783585,1561.64078056812,120.77408207953,0,368.673490226269,88.4198291599751,241.783954977989,123.448025822639,1.63228166103363,10.8777402341366,57.6319549977779,35.6992518603802,4107.64353053272,1166.91735583544,17.3750179708004,6208.87193715572,25930.2395729721,88.6885703802109,34.6723508089781,14.917115688324,100.796544402838,2608.90118588507,111.312721729279,1.30729651451111,125.439957201481,4.62106424570084,6.6363165974617,661.209584623575,400.21129180491,9391.88496595621,888.308575302362,6.33064258098602,21.8305768370628,15820.217271626,5.04964751005173,2105.98862117529,40.6263480782509,429.197457373142
364.181618541479,21789.2011193931,54.4900927245617,1854.53260889649,8.22163876891136,45.5498661100864,23.1764641106129,568.910157561302,1103.81272175908,2.23087739944458,1.08908569812775,18.2416601479053,4575.92458429933,725.253809958696,120.787861526012,51.8503041267395,562.293120801449,17.9176136255264,6.69675788283348,0,53.9302813708782,19257.3594048172,83.2234116196632,3387.61832037568,123.254216343164,95.442271053791,181753.206150755,4682.83910936117,846.524470493197,1.36896073818207,1.70944494009018,52.9626778662205,3.18404799699783,14.4703932255507,231.173383355141,15824.4502746165,37.0041798055172,0.995709240436554,112.441447466612,1314.15955600142,2.21049249172211,100.978550881147,2558.2477902174,5.86242358386517,1651.39312776923,36.212653785944,254.116657584906,3132.32939535379,223.506466567516,2.89321014285088,7.60758936405182,6.90364074707031,2378.75936502218,4.41907900571823,1.81803131103516,5.67903739213943,11057.2569843084,163.085686475039,76.0163490772247,678.844329640269,5308.06357514858,1.54687923192978,11.5090696513653,17.6438439786434,4257.01533128321,316.450729101896,35.899237126112,82.6001713573933,2.18006587028503,29.5113125145435,165.079446524382,393.045349538326,252.167813748121,233.69687962532,204.006662413478,57711.3010626137,855.908122986555,14.3398849368095,1122.27456983924,2.63690376281738,11.7095012366772,34.8665106594563,732.087264701724,827.010848730803
271.264373272657,214.762540712953,635.929286450148,20015.8059338331,76.258810788393,600.610953912139,56414.8156872988,1839.85053856671,3187.98251888156,26646.0784753114,226.417583659291,4737.56226077676,923.959512487054,1709.21880471706,255.322525054216,3470.075268507,442.074617117643,55.2207641303539,112.338106021285,4570.69286006689,10271.1651419997,1411.18122369051,5560.7889444232,18095.8852623999,110.518006816506,449.614999160171,4682.83910936117,128986.72695747,2515.66838662326,32860.1461584866,19.5746050775051,197.275221675634,651.065309584141,2602.73848894238,1034.14485099912,4943.11853320897,712.770482957363,3358.43316596746,1287.33835950494,675.578566372395,341.438061833382,89.5323788225651,566.48623496294,33.2024295926094,675.083451867104,287.431076943874,877.84904922545,77.8046108484268,29.4036994278431,56.4633055627346,57.6067768633366,68.5692192018032,215.293851792812,45.9865629374981,273.049740225077,3616.20914460719,852.838595107198,1283.79111006856,1564.18491819501,50.8120825588703,418.02622371912,149.262147694826,671.383179038763,63.6650850474834,2136.35322190821,46.8739918172359,1.08785080909729,11.0339881777763,169.190975487232,1228.55689145625,1198.8366484642,693.59509024024,8205.50045767426,9.89695283770561,40.6558726131916,1058.0776437819,9185.51883879304,583.652015909553,1368.68906824291,0.727847307920456,46.4211055934429,59.1307798624039,409.616926446557,122.504106760025
10220.1140757799,10.9335733950138,255.981538131833,39.6629057228565,14.3906586170197,664.309559345245,4110.08903008699,5703.25444835424,40.1176790297031,2805.48034964502,887.607962816954,513.024687319994,578.291524380445,25639.4629697204,16.6211376190186,28.1689493209124,1451.33404812217,262.227317810059,783.120506554842,66.2671813219786,661.956061959267,44.0715717673302,809.505571484566,221.230707705021,83.7802152037621,842.867927283049,846.524470493197,2515.66838662326,156101.191699475,17036.430256635,28.1895745098591,4960.81249445677,16148.9071968198,11174.5972924531,234.190636694431,1480.9125931859,432.778467938304,2756.9093953073,519.957692980766,140.223774164915,146.869416832924,95.2589191198349,85.449390873313,1.48802253603935,64.0492688715458,51.9893398582935,123.149342179298,5.25603032112122,4.08275073766708,4.18366461992264,19.1472434401512,10.7210890650749,1.37831741571426,3.56598198413849,14.796999245882,211.87682440877,27.5760917663574,26.3824841082096,16.9593120217323,6.01015385985374,2.51343965530396,35.5623966753483,30.1650619506836,2.16610315442085,255.874477908015,5.83955973386765,2.64115872979164,0.954463958740234,1.39169704914093,234.744191080332,80.2082835733891,55.2984206974506,397.957119613886,8.76926159858704,17.5034004747868,85.567537099123,672.259044274688,36.3883947432041,118.823688000441,1.12670361995697,2.12683665752411,3.64784401655197,28.4545564949512,20.9776117503643
