21040.4030528665,0.807864189147949,83.1738252639771,44.6457039862871,0,13.9211022853851,11.0132383108139,2670.80509656668,3.37960514426231,765.443061888218,1937.62248918414,1232.22248268127,76.8810095489025,13039.49182567,0,394.138842642307,329.846091091633,34.5457307994366,782.463973253965,7.25311350822449,290.463914185762,20.0684009194374,46.097158819437,35.6284515559673,51.3825493752956,120.787861526012,364.181618541479,271.264373272657,10220.1140757799,10.7939891517162,9.56292942166328,10.2877785414457,6.90102353692055,27.321289896965,666.925436556339,412.481927186251,199.199923932552,53.84411033988,233.111697390676,27.8777269423008,13.4648901224136,2.5332872569561,15.067699611187,5.34542480111122,20.1002248227596,0,82.8863092660904,1694.60943183303,37.3388838469982,6.75226756930351,5.39328229427338,6.55309045314789,400.297015637159,0,35.8202958405018,1.56806066632271,4.99962939321995,4.57609733939171,0,1.23497378826141,4.98821133375168,143.511111348867,108.604517370462,0,33.5665045976639,11.8705389797688,57.6319549977779,1475.71921896935,0,51.7358794808388,43.6399384737015,18.0191954523325,0,8.93081873655319,0.648987531661987,50.4826214909554,2616.33293421566,484.814368441701,2187.80892626941,0,0,0,23.6075012534857,13.7686592936516
0.807864189147949,5530.3073477149,1.93536388874054,114.392732143402,3110.88721893728,30301.6579761803,1.77907478809357,24.3138055205345,762.49776083231,0,64.6500458419323,407.930150449276,575.756249457598,16.8147613704205,0,1308.78487947583,14.1120536029339,0,982.73243060708,0,525.055467769504,0.377922892570496,253.829936772585,1396.44921803474,27.4773649424314,41.4928083121777,21789.2011193931,214.762540712953,10.9335733950138,36.4271831810474,0,147.376177251339,0,70.6027736365795,7.90584334731102,114.133577942848,3.56389600038528,16.3131528794765,0.643194317817688,19.0982954502106,0,29.2919157445431,307.822855740786,63.5468182265759,112.546572461724,505.647058367729,0,209.857474148273,0.381212532520294,10.8136617541313,20.610387980938,714.664971083403,0.46580758690834,11385.5189187527,1824.97609984875,259.552517861128,2101.74879392982,17.9950999617577,28.9177058786154,59.4867344200611,13.4943063259125,8.80617386102676,3.68124693632126,2502.14684841037,31.2896793782711,64.9589093029499,231.00207605958,1.18849346041679,5.55996137857437,100.438579142094,165.079446524382,153.232867211103,1.62000435590744,17.238195836544,17.250626206398,5313.32972899079,4877.78953795135,279.419732481241,12.7708961963654,64.430698171258,0,7.8843412399292,3.51981884241104,495.62665002048
83.1738252639771,1.93536388874054,61028.6790305823,26.9923129975796,67.5619307607412,5.26832947134972,0,375.785155147314,9.84492248296738,1.42882645130157,54.4900927245617,7.19448244571686,62.5406436026096,535.634922087193,85.3093844652176,5419.32646307349,170.090392455459,369.343959212303,1553.25250260532,0.38670825958252,11.5234678685665,12.8542477488518,70.5632039904594,65.6091467440128,257.466275602579,51.0605375766754,8.22163876891136,635.929286450148,255.981538131833,221.439997285604,92.1673456430435,28.4842677414417,5453.11108103395,2.81712481379509,0.664173364639282,2635.84715077281,25.1002498716116,5.29974830150604,25.8689137101173,87.3197721242905,9.0119896531105,14219.1964679956,557.695780843496,1448.23654665053,302.814040482044,6.89241871237755,28.9149748533964,457.130653008819,5.47662878036499,112.405543506145,138.758728846908,45.1571937799454,121.082936823368,155.21466845274,44.936380058527,40.3590018451214,1.22970858216286,22.8814839422703,3.26919460296631,15.6968297064304,9513.30231422186,21.7836012542248,1478.35576537251,0,110.638509809971,7609.02733954787,100.796544402838,3707.39783573151,333.972611278296,1736.09177358449,29.1869944632053,1.9124781191349,1350.85845941305,21.8201320469379,294.092849701643,6769.63087852299,48.9061333835125,24.4734732210636,0,297.385460466146,261.217759042978,214.435399353504,43.7669620215893,74.9316638112068
44.6457039862871,114.392732143402,26.9923129975796,29843.2958681285,0,0,728.596229851246,191.924797296524,1619.30535939336,12.3746652603149,984.015750825405,0,16.225864559412,79.2783996760845,79.8958151638508,1.78674501180649,0,0,0,0,3.46175596117973,148.84213155508,230.557324826717,5232.01571112871,4.67499369382858,53.0336140394211,2.89321014285088,20015.8059338331,39.6629057228565,10.4138524532318,2.07658529281616,16.2233120799065,2.29893791675568,3.81427109241486,86.2777375876904,177.103676915169,0.725822687149048,1906.34729373455,4.17333447933197,472.150197774172,24.0054923295975,17.891087949276,30.5719937384129,6.88551560044289,22.7953381240368,120.353516459465,0.433410942554474,1.57655274868011,2340.07609057426,561.676205649972,441.055422872305,238.033825963736,0,0,37.4702200144529,0,4252.53683874011,568.668139100075,0.758019864559174,2.2090830206871,8.11716803908348,151.271320566535,928.614125937223,214.879398599267,41.9083268046379,53.6818712055683,15.1682668626308,0,88.4198291599751,1.41029521822929,8.71765488386154,811.253972768784,542.608578145504,7.83407509326935,268.755219697952,8.06790366768837,35.8769547194242,518.249970853329,1971.77381189167,0,25.9554723501205,12.2694387435913,20319.6655256748,262.296595007181
0,3110.88721893728,67.5619307607412,0,8649.30921536684,0,1.61990284919739,70.6166382730007,294.15621945262,25.760022521019,4822.7402985394,0,40.624814927578,19.4189955294132,0,4.22163796424866,151.418810516596,0,0,0,336.634393930435,57.8692770451307,0.769263982772827,187.002411156893,0,5.1209577023983,528.258636057377,76.258810788393,14.3906586170197,108.82088214159,0,3490.66986565292,0,0,1.16281270980835,359.63686171174,2.93891870975494,963.891019105911,0,11401.7996593714,80.7430775761604,712.912560433149,4.2138084769249,10.3118000626564,2.27447485923767,19.8400195538998,537.667688071728,37.7072675824165,0,0,12.1883454918861,0,0,0,958.999555766582,1259.21966359019,0,7.9920272231102,47.5099802017212,0.859102010726929,6.66334673762321,2.32803398370743,3919.10823094845,0,14.7640513777733,43.4009163081646,0,8.24315747618675,4219.70253975689,13.7132166922092,0.467744618654251,126.263512253761,2.49314013123512,2.71836340427399,15.3099362701178,1.83198955655098,213.171657681465,8.34499758481979,10.7743251919746,2.5670882165432,27.1476545333862,0,3.19439512491226,65.6319905221462
13.9211022853851,30301.6579761803,5.26832947134972,0,0,88983.8743098974,4230.07093381882,18145.3647635132,277.279412180185,780.801187366247,38.7200233638287,42.9534705430269,367.342049852014,2557.59746593237,177.832704991102,599.912850901484,35.261972039938,5253.47132503986,79.5933069884777,0,8.62656509876251,112.658347249031,1308.5441827774,290.773164719343,71.2912401258945,2861.79709017277,45.5498661100864,600.610953912139,664.309559345245,271.097038507462,19.9268902540207,6.58023563027382,253.79354801774,231.645959109068,3.19402265548706,2533.14052689075,8.23166441917419,560.703613057733,2.37429249286652,8112.66937938333,77.4855264127254,19.5491137206554,42.8469818532467,1.23740938305855,36.9268160164356,4287.7661100477,1455.54088889062,3146.81565573812,345.789990052581,5045.53776153922,557.609009176493,747.078126162291,67.4077536463737,0,74.5270601809025,88.0789811909199,16.5542670786381,122.202276259661,27.3030681312084,10.3368952870369,2.33458065986633,16.7687686681747,70.731840223074,584.296263307333,23.4236611127853,13.6252314001322,11803.3185742795,5.9630936384201,41.3783918023109,95.2228845059872,4.41907900571823,663.57704564929,2.77791538834572,3.04440402984619,13.2872128784657,14.1586582958698,211.862849473953,78.61667740345,9.30853793025017,2001.19050180912,6.52030390501022,6315.11557587981,18.4341803193092,252.684221506119
11.0132383108139,1.77907478809357,0,728.596229851246,1.61990284919739,4230.07093381882,107548.136767626,6027.37450072169,612.119926065207,6.29175925254822,254.86191546917,2.88966590166092,600.498122602701,13097.2011488974,315.679564997554,22.0460181236267,4.40667319297791,31.6470435857773,108.336750000715,16.367496997118,0.425587594509125,3.42697221040726,0.328774720430374,2457.3865788877,10.5949699878693,241.783954977989,23.1764641106129,56414.8156872988,4110.08903008699,2.18006587028503,44.0907989442348,48.4213552474976,98.1673846840858,320.642369747162,237.775375545025,6473.05740129948,0,8439.24158637226,56.8438416421413,647.565330594778,117.860735863447,138.708570986986,189.502192765474,5.17999076843262,281.729311823845,1.35426634550095,120.491182714701,102.914699345827,0.690785467624664,6.29269608855247,10176.5361989439,0.88443586230278,18.6269189119339,3.10874235630035,3633.63982099295,1750.37702403963,229.955092564225,424.666386514902,65.1836586296558,18.6239167749882,1.41342854499817,15538.8935552239,86.8059209287167,278.956546366215,276.146129608154,1.256108045578,188.655244737864,312.903205007315,119.323857456446,23.9420850872993,27359.2944779098,42.9441493153572,71.9791161417961,22.0700646340847,88.6885703802109,812.632807269692,4.26280242204666,90.4465274810791,6.49980545043945,418.995609268546,11949.7488821149,6.42095971107483,1110.42030008137,28.6439330875874
2670.80509656668,24.3138055205345,375.785155147314,191.924797296524,70.6166382730007,18145.3647635132,6027.37450072169,86251.2634719461,179.608227610588,7867.6395265758,714.525617957115,2750.13734686375,1062.88726976514,38404.8015720248,144.095517009497,20.9859230816364,350.521159887314,133.379973679781,195.008430331945,333.592299580574,247.546634927392,35.3788449466228,440.975640296936,606.562921345234,93.758814573288,671.867184236646,568.910157561302,1839.85053856671,5703.25444835424,2257.60236373544,23.8778369426727,1314.98425534368,69.5839471817017,3641.54623281956,206.293885886669,3194.86809022725,633.285287991166,1893.86242206395,317.783444017172,736.812178730965,179.912406146526,206.668011456728,80.294297516346,17.5401176214218,117.941035956144,53.9320570230484,184.395169705153,9.98184484243393,23.5084360837936,7.80283653736115,10.8432460427284,5.55691432952881,16.3848085105419,4.90778267383575,38.5502779483795,811.380110904574,147.164309561253,131.133218556643,144.80211430788,27.6422399878502,48.5239281356335,52.3652063012123,99.5099849998951,11.0925316214561,97.4168929308653,1.12750977277756,2.06611800193787,0.512066125869751,13.3951023817062,71.2436298131943,36.8979603946209,25.1491683125496,1023.65922924876,4.54167261719704,14.916917681694,47.0710049420595,1546.35379983485,85.9332702159882,163.107771545649,4.78476080298424,0.461031198501587,0.372325032949448,66.2475208044052,19.8556224405766
3.37960514426231,762.49776083231,9.84492248296738,1619.30535939336,294.15621945262,277.279412180185,612.119926065207,179.608227610588,15144.0579704344,2905.56379240751,186.83188533783,3359.02339628339,212.726343423128,77.2403334975243,1749.94870121777,27.9209140539169,21.622769266367,11.4740232825279,11.0167733132839,769.70506349206,16.5067701935768,7179.98709332943,33.1041015088558,19171.0071959794,717.612208276987,166.37276494503,1103.81272175908,3187.98251888156,40.1176790297031,45.6448574960232,103.275106340647,16.7447294890881,2.15085765719414,115.442212373018,47.7554945647717,201.188119918108,79.2282175421715,74.6219377815723,32.352485448122,512.732728213072,9.20642912387848,31.5348101556301,95.9578020274639,9.39718854427338,100.448608309031,46.3227044939995,149.060093998909,9.06971871852875,6.4661757349968,10.8217498362064,19.9452677667141,6.80229967832565,215.588535875082,4.47322487831116,54.7994458377361,492.203531712294,132.80718588829,4705.58933800459,744.670414805412,15.9972332715988,213.154378354549,9.13643229007721,84.0851370692253,23.0611012578011,1111.45862928033,9.71439588069916,5.1910525560379,3.44499534368515,178.156716942787,113.234080523252,1855.28082245588,227.667114526033,3812.19605523348,31.7289234399796,25.9278235137463,107.857047706842,2033.2016043961,116.047287762165,204.744082093239,4.82758656144142,6.1085832118988,7.66861739754677,44.9697684943676,17.6327835321426
765.443061888218,0,1.42882645130157,12.3746652603149,25.760022521019,780.801187366247,6.29175925254822,7867.6395265758,2905.56379240751,213633.789192259,20.7933120727539,36.2308366298676,595.977340847254,5022.50003549457,29.1972588002682,5048.55682572722,134.129103392363,53.5303299129009,14.3886269330978,1.43953812122345,65.7051623016596,5.35609489679337,13.8674494028091,4577.75177448988,911.085022360086,107.007424294949,2.23087739944458,26646.0784753114,2805.48034964502,264.645348012447,0.348203748464584,95.6837726533413,4640.53073306382,3.79440341889858,0.653006553649902,5110.16763004661,811.547138661146,1921.37531104684,10.2092214524746,2123.85410380363,460.399825662374,1.14163148403168,160.00891494751,12.1539631783962,205.862421929836,7.91405026614666,25.2896764278412,0.794667661190033,4.98959523439407,6.12864887714386,1267.97608748078,39.1133697032928,5.98888266086578,274.303075999022,3986.42348796129,15820.217271626,4.66344398260117,1388.89800235629,5.41142785549164,12.360808968544,2.22758758068085,5.74527990818024,32.6189578771591,476.010324150324,85.9539310634136,699.222299784422,7.65776109695435,3.29707735776901,0,110.276475444436,4185.80032977462,71.5847710371017,288.024499803782,5.05159184336662,40.6533333063126,111.601940259337,28.2820115089417,1.30403211712837,105.215209037066,34.1045737862587,48.2367561459541,878.736042305827,65.6549678444862,0
1937.62248918414,64.6500458419323,54.4900927245617,984.015750825405,4822.7402985394,38.7200233638287,254.86191546917,714.525617957115,186.83188533783,20.7933120727539,91859.3910692334,40.7896918654442,14813.5134518743,821.899980425835,3.09985452890396,62.8672083467245,6.73192150890827,0,1.372738301754,193.17325630784,11.4324013888836,5.88433289527893,1.9232941865921,162.247060775757,0,168.008893877268,1.08908569812775,226.417583659291,887.607962816954,29.5378096699715,64.2417888641357,3.28047358989716,0,117.326036483049,55.3528209328651,2365.22660033405,6.05373308062553,0.66007924079895,0.358459711074829,93.164797693491,0,0.545566439628601,78.8328454196453,667.426597177982,28.4544731676579,93.9871297478676,7161.77077803016,0.925178438425064,268.88502830267,0,12.1709413230419,31.7483279407024,0,522.024094104767,26.6480676531792,6.82369351387024,0,3.09049218893051,0.22131010890007,1362.07741126418,65.5976946353912,218.431399837136,11.762798845768,18107.2182995379,15.1799496859312,21.702030479908,28.0717494487762,481.754533469677,0,2336.16503678262,1752.29113149643,46.5143929123878,280.511259540915,269.183643817902,110.888418197632,737.483297765255,13.4050267934799,9365.29387712479,107.638899475336,8947.23837795854,537.514608472586,4.19217371940613,2233.75596162677,0.408531695604324
1232.22248268127,407.930150449276,7.19448244571686,0,0,42.9534705430269,2.88966590166092,2750.13734686375,3359.02339628339,36.2308366298676,40.7896918654442,91225.9232889116,177.91531470418,1126.72637650371,10.8917942345142,40.9147707521915,54.6555747389793,1210.84197807312,115.067207038403,447.26503033936,35.1273598372936,6798.30597829819,8.7670202255249,2293.35745599866,2.2201092839241,5.10838541388512,18.2416601479053,4737.56226077676,513.024687319994,6.85022814571857,0,15.3565045297146,115.335190474987,809.197957336903,967.845495015383,1110.89573894441,44.4425963610411,0.536505877971649,34.1310518682003,5280.40951523185,1.6507006585598,16.3754416406155,61.193856805563,8.62160813808441,22.7797923088074,19.1258984953165,5400.39393919706,4687.99942457676,27.9528735280037,502.460457876325,850.803821027279,36.5829361379147,2.35920131206512,5.30155250430107,0.372818827629089,1.30243492126465,1.73656609654427,623.61903950572,0,2.10456347465515,6236.22300988436,17.9176136255264,5.79485234618187,0,51.1845590472221,79.702930778265,16.8123337030411,121.483095169067,31.7625655531883,1.08837294578552,2.42018979787827,0.269878029823303,590.66562525928,3.69676893949509,847.242678523064,8.45412385463715,371.304216921329,14.5185752809048,81.3157385289669,3.0865766108036,0,0,0.452224493026733,192.858619242907
76.8810095489025,575.756249457598,62.5406436026096,16.225864559412,40.624814927578,367.342049852014,600.498122602701,1062.88726976514,212.726343423128,595.977340847254,14813.5134518743,177.91531470418,31060.0764242113,557.864665269852,22.7738421559334,207.051572650671,11.9796653687954,69.085639744997,24.1421570181847,15.3099750578403,435.541953206062,438.582221210003,469.422285288572,441.219566747546,13628.9946551621,745.914783775806,4575.92458429933,923.959512487054,578.291524380445,580.190481260419,4644.36465874314,617.950959280133,32.1190476417542,3658.65904563665,177.54661488533,2754.15307228267,891.628261446953,3716.66610370576,426.836390674114,1736.52538762987,697.132494151592,3558.89591649175,463.86189186573,249.066075921059,171.854912653565,112.859427690506,1536.50503852963,24.9433996677399,194.267428278923,10.8356572389603,51.5443765521049,25.7040329873562,10.3327324986458,30.9632277786732,149.942230075598,250.698978692293,115.398375660181,3.39213293790817,89.7117476761341,1074.93718013167,60.3484527468681,697.823279321194,61.6530794799328,27.2518382668495,239.526755452156,11.3806955218315,89.9400200843811,13.1096319854259,4.87716627120972,188.357584178448,38.5978085100651,142.741063445807,174.845382243395,1355.41091227531,695.441074863076,329.035643726587,413.029292285442,79.8051388561726,190.49289020896,423.255994588137,32.9594619274139,0.776898562908173,39.9106279015541,37.2530932426453
13039.49182567,16.8147613704205,535.634922087193,79.2783996760845,19.4189955294132,2557.59746593237,13097.2011488974,38404.8015720248,77.2403334975243,5022.50003549457,821.899980425835,1126.72637650371,557.864665269852,94892.5675353408,43.9634457528591,34.0112986564636,1130.23625895381,158.88769364357,468.630944877863,176.566650494933,311.809901207685,35.5731963962317,668.473015367985,401.242315411568,76.7552343606949,1266.10887221992,725.253809958696,1709.21880471706,25639.4629697204,6240.04960852861,29.6222818493843,375.268443420529,275.210497915745,4377.97041425109,188.116566687822,1534.53643324971,369.855103895068,1443.48696437478,265.691716790199,218.194142997265,111.176376521587,128.690135061741,70.8116833567619,3.57785525918007,94.3837992548943,39.2538814544678,154.127428978682,8.55392163991928,10.206984102726,3.22312313318253,23.6849426031113,9.26294481754303,6.96600437164307,0.528721690177917,23.823900103569,519.213680267334,103.290711611509,84.7596742808819,72.9106258451939,19.4778052568436,15.6413071751595,37.0490733981133,54.0307118296623,7.05475014448166,86.8897302746773,4.03211557865143,1.59253013134003,0.972432374954224,6.63680005073547,83.1197736859322,56.988490819931,39.1310618817806,750.652065068483,12.6189398467541,9.9725301861763,95.1094880104065,1099.74116620421,39.9311257004738,175.36518368125,2.9512859582901,3.58316987752914,6.41444021463394,26.8362857103348,11.1734985113144
0,0,85.3093844652176,79.8958151638508,0,177.832704991102,315.679564997554,144.095517009497,1749.94870121777,29.1972588002682,3.09985452890396,10.8917942345142,22.7738421559334,43.9634457528591,4320.24246776104,111.106190621853,4.34957188367844,0,0,0,53.6873950064182,4.79793652892113,15.3861289024353,930.897824198008,1.35823902487755,0,98.2432440817356,255.322525054216,16.6211376190186,43.701672822237,0,0,0,47.7153421193361,2.86137223243713,204.660359889269,616.411907553673,59.0336939692497,111.205109804869,7162.99611508846,0,2.32867169380188,8.89836531877518,0.998985767364502,5.02060890197754,47913.8293622732,83.8934946060181,0.470458894968033,4000.31904071569,3.77933251857758,121.919447422028,15.5943687707186,9918.7630020678,6.61659732460976,3.60567539930344,2.77449381351471,0,35.0216501355171,551.571647137403,0.528276562690735,34.0573974251747,102.94925943017,127.739707261324,343.719826728106,55.6047546565533,0,2.56537371873856,13.1510658562183,0,522.536954194307,461.380552887917,3098.48563499749,137.411263883114,27.5674511492252,3.74386578798294,7.04128503799438,104.373995929956,367.004881113768,8.80345849692822,0,0,0,76.3957560360432,3.70191168785095
394.138842642307,1308.78487947583,5419.32646307349,1.78674501180649,4.22163796424866,599.912850901484,22.0460181236267,20.9859230816364,27.9209140539169,5048.55682572722,62.8672083467245,40.9147707521915,207.051572650671,34.0112986564636,111.106190621853,35772.5359054208,270.284106612206,247.325377076864,453.473444744945,1217.53289109468,14.6489780247211,17801.4607681185,37.3604592680931,2932.83761778474,36.9066780805588,11.7095012366772,51.8503041267395,3470.075268507,28.1689493209124,1.92062273621559,48.9400241076946,1263.56649208069,36.1685875952244,104.313467860222,135.781826376915,2029.59785181284,153.28465411067,684.416697412729,1.94047817587852,70.4729278385639,2.60754436254501,20.8806917667389,317.218091279268,746.363211423159,147.870514601469,0.37232431769371,166.950805276632,0,50.2835361212492,15.6636483073235,5.68003943562508,8.38582220673561,16.9757962524891,800.781955391169,19707.7818632126,2771.01192732155,3.47931990027428,23.819812297821,1.74253797531128,14.8906465172768,0,6309.56771554053,2323.57251232862,4.70067200064659,10415.6846114546,1581.70951496065,12.2520391941071,711.444543585181,9.000952064991,164.367322176695,52.2794106006622,23.4128149151802,199.625207766891,0,1.51631641387939,2716.22952760756,238.076899945736,16.1473388671875,1031.51624508202,44.4846276342869,410.677525475621,80.3202275335789,3.4563327729702,0.451783001422882
329.846091091633,14.1120536029339,170.090392455459,0,151.418810516596,35.261972039938,4.40667319297791,350.521159887314,21.622769266367,134.129103392363,6.73192150890827,54.6555747389793,11.9796653687954,1130.23625895381,4.34957188367844,270.284106612206,35584.9399656653,13.8023244440556,35.3560877740383,0,62.2322662323713,423.398409590125,74.4633077979088,137.367005139589,10.8887239992619,6.33064258098602,204.75136038661,442.074617117643,1451.33404812217,169.400747835636,0,4107.64353053272,0,40.5775365233421,0,833.645054101944,2463.45486739278,8.2778003513813,9.55179753899574,68.1584822535515,2.12068176269531,67.2204258739948,111.486491858959,234.907094538212,63.8422993719578,3520.47655922174,0.402617663145065,73.3533406257629,64.2994452416897,39.9263291358948,6.69675788283348,14.5518733859062,0,14791.4085258245,9.40461963415146,92.5787677168846,1.45139080286026,6.31274661421776,0.488386005163193,2.48506659269333,18.6402596533298,1.57483994960785,16.1161539554596,2.27089157700539,30.8238541483879,0,20.3878567814827,150.045228853822,0.54936408996582,6140.31716042757,1738.76389209926,0,64.2888696789742,10.6032246947289,56.546865016222,1764.42187958956,11.53085064888,22.9324208199978,1.86691473424435,3540.63324694335,685.250888615847,0,29.3314366936684,12.6673170030117
34.5457307994366,0,369.343959212303,0,0,5253.47132503986,31.6470435857773,133.379973679781,11.4740232825279,53.5303299129009,0,1210.84197807312,69.085639744997,158.88769364357,0,247.325377076864,13.8023244440556,19836.0720492899,28.3797852694988,0,134.015500485897,7.82933872938156,4.55629780888557,7.51427310705185,11.5575534105301,3706.86034053564,17.6438439786434,55.2207641303539,262.227317810059,31.04239615798,0,6.43009933829308,2.42703235149384,1.89726459980011,52.9626778662205,1371.62835246325,624.116521477699,0,1044.41911877692,73.1830695867538,0,83.4883877038956,6.57400462031364,20.1788095235825,5.63105946779251,247.329509913921,1058.55153170228,364.885398328304,0.68452250957489,1.23351922631264,2.46499690413475,17.8275856077671,0,0,2.71681451797485,26.1380342841148,55.9895681738853,1.19524145126343,0,61.9808204770088,4627.56016203761,918.666431561112,67.5619186758995,208.753396838903,3.12467303872108,0,64.0223314762115,1.12590080499649,0,18.5063703358173,98.7344480454922,51.8363310098648,9.03043115139008,0,6.71632564067841,327.404776990414,6.03738677501678,0,1.74865835905075,14299.4103933275,0,110.467568099499,113.196252256632,8.45244371891022
782.463973253965,982.73243060708,1553.25250260532,0,0,79.5933069884777,108.336750000715,195.008430331945,11.0167733132839,14.3886269330978,1.372738301754,115.067207038403,24.1421570181847,468.630944877863,0,453.473444744945,35.3560877740383,28.3797852694988,40963.0750172138,553.321820572019,1122.9307782352,7.48511236906052,2527.32558427751,14.5702905654907,104.872030138969,29.6448884010315,87.5101791620255,112.338106021285,783.120506554842,136.941276103258,0,26.6065566837788,0,6.49044173955917,100.805053204298,1722.63793253899,2.42582404613495,64.0057951062918,0,117.473995879292,15.4370687305927,18.8402298092842,17.3406261205673,42.2790641188622,15.0937501192093,72.0676724761724,271.607938691974,10.5711639970541,246.780225113034,0,75.7257912755013,31.6422418355942,0,0,0,9152.92371225357,4174.76358535886,1.95802026987076,0.926221817731857,7.29976245760918,0,755.781376764178,539.162370547652,0,3.37898543477058,0,48.1063921302557,62.8247026205063,0,11.9191626310349,213.338955163956,3.82834289968014,2.02633261680603,128.612331852317,243.970175892115,671.819227486849,20.5500024557114,4.1046245098114,33.1831479370594,141.237930357456,415.981404364109,180.265761047602,31.6618185043335,0.809255421161652
7.25311350822449,0,0.38670825958252,0,0,0,16.367496997118,333.592299580574,769.70506349206,1.43953812122345,193.17325630784,447.26503033936,15.3099750578403,176.566650494933,0,1217.53289109468,0,0,553.321820572019,6430.06714576483,170.048061981797,1.58393347263336,3.43338480591774,1562.42666676641,37.2612043917179,145.354773163795,955.724316298962,4570.69286006689,66.2671813219786,429.676009356976,0,118.495255857706,27156.0872401893,17784.9544995129,0,151.879382491112,34.8665106594563,15.4427213668823,1393.06628260016,475.561702698469,0,1.89924095571041,5.1411257982254,51.9673626720905,5.77728587388992,538.669787123799,2148.84437052906,0,4.00143414735794,17.4831459820271,976.122270464897,6.5762842297554,86.6931584775448,1474.69408980012,1.46669426560402,49.7679081559181,400.21129180491,254.102690726519,52.464069634676,2.30187037587166,0,0,13.9522154927254,2.25384068489075,13.1808426380157,21.1399621665478,362.663216620684,3.10328111052513,0,99.4548673033714,11.1058865487576,280.998953431845,393.427474319935,3.95833346247673,34.8119804859161,2.56445994973183,6.08349642157555,26.8156727850437,2608.90118588507,0,110.258493542671,486.817708402872,66.6857738792896,102.256180942059
290.463914185762,525.055467769504,11.5234678685665,3.46175596117973,336.634393930435,8.62656509876251,0.425587594509125,247.546634927392,16.5067701935768,65.7051623016596,11.4324013888836,35.1273598372936,435.541953206062,311.809901207685,53.6873950064182,14.6489780247211,62.2322662323713,134.015500485897,1122.9307782352,170.048061981797,145444.905304521,74.0422907471657,388.427517086267,272.952467054129,4.99924367666245,61.6907486617565,53.9302813708782,10271.1651419997,661.956061959267,0.427833467721939,1827.48994612694,10520.8010618687,0,51.1055244207382,15.7291643321514,8172.63387024403,2.62201505899429,1256.2309653908,20.2387741208076,264.849310994148,5.05017650127411,3033.17078834772,134.471048533916,1924.33482038975,98.0438293516636,45.6522187292576,180.678201466799,6.05217856168747,151.957777798176,334.662315279245,73.4747834801674,1592.43058371544,0,7.51650929450989,152.124147832394,73.0312727838755,204.11418697238,17.0482064187527,23.1712558716536,16.5878483355045,9.33248454332352,439.162727475166,66.424378246069,2585.70498779416,2385.58857424557,12.5961892604828,128.058042407036,43.9241472482681,4.2039709687233,156.099012359977,53.7393519282341,0.873003005981445,304.821257323027,9.53100499510765,66.2836727499962,515.531693384051,193.12308716774,5.55792412161827,550.002484336495,0.454657882452011,9.74859488010406,154.782309174538,11038.819045648,8.95927476882935
20.0684009194374,0.377922892570496,12.8542477488518,148.84213155508,57.8692770451307,112.658347249031,3.42697221040726,35.3788449466228,7179.98709332943,5.35609489679337,5.88433289527893,6798.30597829819,438.582221210003,35.5731963962317,4.79793652892113,17801.4607681185,423.398409590125,7.82933872938156,7.48511236906052,1.58393347263336,74.0422907471657,12864.1629321873,1739.843637079,13127.7821404487,147.154258787632,53.5324213057756,7.0158725976944,1411.18122369051,44.0715717673302,21.7652652561665,0,236.123527526855,0.279924839735031,154.261073023081,114.442624300718,126.638363033533,13.5189971923828,570.452310964465,165.853382498026,68.8244459927082,13540.9658091664,2453.97769230604,114.3077057302,16.7484953403473,58.3209878206253,2.28083336353302,5.94312888383865,6.67133656144142,482.603449046612,104.485049128532,3.28532344102859,659.144382044673,16.0310329198837,3246.43020708859,71.4289483129978,481.380715876818,86.2010303884745,63.6039526462555,61.4204063862562,23.1915696561337,3.46819758415222,75.4863647818565,877.460329085588,46.6588296890259,3025.29770755768,112.823698997498,13.2996771037579,93.0363974869251,12450.962426424,1.09474459290504,12.2250545024872,71.6167230904102,120.166056394577,0.892412334680557,12.6084188818932,1649.02981048822,10.1674402654171,1.24265503883362,8.80341702699661,15.8319610357285,0,2.23834002017975,18.4064388275146,364.343045920134
46.097158819437,253.829936772585,70.5632039904594,230.557324826717,0.769263982772827,1308.5441827774,0.328774720430374,440.975640296936,33.1041015088558,13.8674494028091,1.9232941865921,8.7670202255249,469.422285288572,668.473015367985,15.3861289024353,37.3604592680931,74.4633077979088,4.55629780888557,2527.32558427751,3.43338480591774,388.427517086267,1739.843637079,186968.761016667,490.008356958628,5.34917101264,12.3462715744972,83.2234116196632,5560.7889444232,809.505571484566,3.35739785432816,9.74235540628433,86.0073880553246,7.38251549005508,90.0319845080376,9823.73618666828,16601.0202556252,1.41055750846863,165.987490847707,0.495690047740936,889.680345386267,14.4893492162228,9403.95646637678,539.131669551134,129.579510718584,351.250352680683,122.727700382471,13.949854016304,24.4772791564465,1.2134256362915,0,1549.99867260456,163.937331825495,972.128372550011,76.4115405976772,28.3063181638718,45.516919285059,1.12496876716614,10.0893706083298,5.5566041469574,11.0168989896774,1908.50009498,369.843752548099,416.089717596769,105.120271682739,6260.09143269062,1251.5942350775,24.5765144228935,1.32771980762482,0,10146.4708091617,484.67001709342,1.66682887077332,5.56542494893074,30.8849161863327,2282.61103034019,6360.56597015262,623.321339607239,7.61082664132118,7834.91107088327,92.7097431123257,3935.46237620711,5.90096962451935,827.173056125641,106.068053483963
35.6284515559673,1396.44921803474,65.6091467440128,5232.01571112871,187.002411156893,290.773164719343,2457.3865788877,606.562921345234,19171.0071959794,4577.75177448988,162.247060775757,2293.35745599866,441.219566747546,401.242315411568,930.897824198008,2932.83761778474,137.367005139589,7.51427310705185,14.5702905654907,1562.42666676641,272.952467054129,13127.7821404487,490.008356958628,75546.9119496942,661.831928759813,192.389769509435,3387.61832037568,18095.8852623999,221.230707705021,143.775327295065,75.2999138385057,34.9913899004459,22.8987073898315,328.534546196461,93.1348877847195,787.089646533132,93.3784754276276,342.425911173224,131.701213151217,415.52555668354,50.9899055659771,26.6075775325298,526.778689950705,24.2226478606462,642.215943351388,255.26708945632,548.84877859056,81.6746966540813,20.9906542152166,44.1078338623047,94.3229543864727,74.8787277787924,127.091955929995,26.7199958860874,235.444612473249,2555.27357202768,729.378189608455,2210.90151688457,1174.45906949043,66.1373879611492,259.558408468962,78.7381435930729,584.302155315876,55.3012075424194,1825.32613828778,45.0570065975189,7.11948469281197,34.2286867797375,134.790304511786,715.416580080986,1349.06842643023,541.257774412632,8393.93920361996,16.1050141453743,40.9050208926201,911.241424739361,8093.26909358799,499.681042909622,724.815512403846,2.44936382770538,41.2122310400009,52.2860160470009,375.676016762853,56.9944329559803
51.3825493752956,27.4773649424314,257.466275602579,4.67499369382858,0,71.2912401258945,10.5949699878693,93.758814573288,717.612208276987,911.085022360086,0,2.2201092839241,13628.9946551621,76.7552343606949,1.35823902487755,36.9066780805588,10.8887239992619,11.5575534105301,104.872030138969,37.2612043917179,4.99924367666245,147.154258787632,5.34917101264,661.831928759813,5093.49235337973,12663.6760580242,123.254216343164,110.518006816506,83.7802152037621,17.6669760495424,288.217158436775,799.505476132035,6384.21278762817,7.12527984380722,850.642373874784,177.360575065017,8.53621733188629,43.127929598093,43.511922031641,20.4824132323265,87.8103635311127,175.875699847937,38.7911306619644,23.2938748002052,30.8741134852171,0,7.99046415090561,0,3896.71644963324,5714.51904860139,15483.8105942309,293.904560834169,120.427049845457,6907.37534292042,96.5127320289612,33.7837727367878,902.615687847137,10.5726805925369,24.216664403677,486.67110081017,202.425239920616,18.9973915219307,20.0583648979664,0.654250234365463,2.72623714804649,21.2391622960567,1.8527826666832,16554.2431847602,113.28051429987,64.1339723467827,16408.3226831555,8995.93440133333,72.6492119729519,60.2441288232803,9524.84526222944,1712.73916462064,839.541437074542,7688.1282171607,90.0649487227201,49.2881770431995,2799.3152872473,5.83907717466354,197.728786170483,383.41052532196
120.787861526012,41.4928083121777,51.0605375766754,53.0336140394211,5.1209577023983,2861.79709017277,241.783954977989,671.867184236646,166.37276494503,107.007424294949,168.008893877268,5.10838541388512,745.914783775806,1266.10887221992,0,11.7095012366772,6.33064258098602,3706.86034053564,29.6448884010315,145.354773163795,61.6907486617565,53.5324213057756,12.3462715744972,192.389769509435,12663.6760580242,163807.274929166,95.442271053791,449.614999160171,842.867927283049,540.805558785796,538.752885296941,214.424367249012,1.64762490987778,110.561519399285,25.9053047597408,5484.52893556654,1672.71747225523,6214.89777350426,7.31105372309685,286.069836497307,1.24068513512611,3387.62932877243,358.267646253109,3.28190371394157,224.226130411029,0,2.18838077783585,116.652986094356,23.9727534651756,1417.31474518776,0,0,11.6772307753563,2150.44366309047,1.63228166103363,10.8777402341366,104.453490257263,35.6992518603802,85.7467775046825,1166.91735583544,1004.66986346245,6208.87193715572,25930.2395729721,111.312721729279,34.6723508089781,166.07341709733,327.292406976223,0.307579636573792,535.882668048143,1.30729651451111,125.439957201481,4.62106424570084,3.68498238921165,661.209584623575,2653.41536714137,9391.88496595621,888.308575302362,37.0377507656813,265.498760432005,11512.4703424424,69.4600152075291,61.0962334275246,40.6263480782509,279.86292809248
364.181618541479,21789.2011193931,8.22163876891136,2.89321014285088,528.258636057377,45.5498661100864,23.1764641106129,568.910157561302,1103.81272175908,2.23087739944458,1.08908569812775,18.2416601479053,4575.92458429933,725.253809958696,98.2432440817356,51.8503041267395,204.75136038661,17.6438439786434,87.5101791620255,955.724316298962,53.9302813708782,7.0158725976944,83.2234116196632,3387.61832037568,123.254216343164,95.442271053791,181753.206150755,4682.83910936117,846.524470493197,1.36896073818207,7.33653610944748,9.72827345132828,1854.53260889649,14.4703932255507,231.173383355141,15824.4502746165,95.6755157113075,0.995709240436554,112.441447466612,1314.15955600142,2.21049249172211,37.0041798055172,2558.2477902174,5.86242358386517,1651.39312776923,36.212653785944,254.116657584906,0.678564190864563,223.506466567516,1122.27456983924,7.60758936405182,39916.8865566254,1.36041185259819,1909.84629154205,1.81803131103516,15.4040228128433,11057.2569843084,163.085686475039,713.256411999464,678.844329640269,8.93506810069084,1.54687923192978,11.5090696513653,17.1858122944832,4257.01533128321,316.450729101896,35.899237126112,0,1642.31788232923,29.5113125145435,76.0163490772247,393.045349538326,252.167813748121,233.69687962532,218.870753660798,57711.3010626137,855.908122986555,14.3398849368095,589.878869116306,2.63690376281738,234.646941244602,0.754771113395691,732.087264701724,827.010848730803
271.264373272657,214.762540712953,635.929286450148,20015.8059338331,76.258810788393,600.610953912139,56414.8156872988,1839.85053856671,3187.98251888156,26646.0784753114,226.417583659291,4737.56226077676,923.959512487054,1709.21880471706,255.322525054216,3470.075268507,442.074617117643,55.2207641303539,112.338106021285,4570.69286006689,10271.1651419997,1411.18122369051,5560.7889444232,18095.8852623999,110.518006816506,449.614999160171,4682.83910936117,128986.72695747,2515.66838662326,32860.1461584866,19.5746050775051,197.275221675634,651.065309584141,2602.73848894238,1034.14485099912,4943.11853320897,712.770482957363,3358.43316596746,1287.33835950494,675.578566372395,341.438061833382,89.5323788225651,566.48623496294,33.2024295926094,675.083451867104,287.431076943874,877.84904922545,77.8046108484268,29.4036994278431,56.4633055627346,57.6067768633366,68.5692192018032,215.293851792812,45.9865629374981,273.049740225077,3616.20914460719,852.838595107198,1283.79111006856,1564.18491819501,50.8120825588703,418.02622371912,149.262147694826,671.383179038763,63.6650850474834,2136.35322190821,46.8739918172359,1.08785080909729,11.0339881777763,169.190975487232,1228.55689145625,1198.8366484642,693.59509024024,8205.50045767426,9.89695283770561,40.6558726131916,1058.0776437819,9185.51883879304,583.652015909553,1368.68906824291,0.727847307920456,46.4211055934429,59.1307798624039,409.616926446557,122.504106760025
10220.1140757799,10.9335733950138,255.981538131833,39.6629057228565,14.3906586170197,664.309559345245,4110.08903008699,5703.25444835424,40.1176790297031,2805.48034964502,887.607962816954,513.024687319994,578.291524380445,25639.4629697204,16.6211376190186,28.1689493209124,1451.33404812217,262.227317810059,783.120506554842,66.2671813219786,661.956061959267,44.0715717673302,809.505571484566,221.230707705021,83.7802152037621,842.867927283049,846.524470493197,2515.66838662326,156101.191699475,17036.430256635,28.1895745098591,4960.81249445677,16148.9071968198,11174.5972924531,234.190636694431,1480.9125931859,432.778467938304,2756.9093953073,519.957692980766,140.223774164915,146.869416832924,95.2589191198349,85.449390873313,1.48802253603935,64.0492688715458,51.9893398582935,123.149342179298,5.25603032112122,4.08275073766708,4.18366461992264,19.1472434401512,10.7210890650749,1.37831741571426,3.56598198413849,14.796999245882,211.87682440877,27.5760917663574,26.3824841082096,16.9593120217323,6.01015385985374,2.51343965530396,35.5623966753483,30.1650619506836,2.16610315442085,255.874477908015,5.83955973386765,2.64115872979164,0.954463958740234,1.39169704914093,234.744191080332,80.2082835733891,55.2984206974506,397.957119613886,8.76926159858704,17.5034004747868,85.567537099123,672.259044274688,36.3883947432041,118.823688000441,1.12670361995697,2.12683665752411,3.64784401655197,28.4545564949512,20.9776117503643
