11812.3716099262,4.48792627453804,14.5695962607861,68.4421557486057,1.04487109184265,134.734605431557,22.3783970177174,1790.46482130885,113.650850236416,2813.78124406934,3.04603880643845,5.61941459774971,2353.90060296655,11338.5202395171,1.16767275333405,621.283168464899,53.6296456456184,55.602385699749,7142.14240331948,19.7007509469986,487.503528445959,14.1515951454639,2088.65631718934,328.406623199582,982.247916698456,980.169218599796,11945.3505952954,666.501010209322,7566.32181343436,1.57283961772919,25.950686365366,4.41437414288521,7563.66034507751,330.148521900177,0.771894812583923,204.111139461398,2.74508273601532,161.464422702789,1471.02484761178,23.6008321344852,0,2837.42298868299,32.4405425786972,63.1711373627186,7.057541847229,10.8445527255535,9.78491795063019,0.590962946414948,4.62733893096447,58.7787434011698,268.6733687222,18.7871254384518,3.48181492090225,0,553.981873959303,66.7442953586578,777.515273571014,37.6090523600578,3.60515952110291,2.46978104114532,22.8051499128342,233.493707105517,22.858782440424,0.503982961177826,105.411546260118,37.0030795931816,0,0.582000911235809,34.1405341625214,4.18688625097275,38.6044596731663,11.1283293664455,140.898210197687,4.34516374766827,145.696877703071,72.3361437916756,12.9504690766335,31.9902254641056,22.7654639780521,0,0,1.87138286232948,6.72421902418137,9.30664646625519
4.48792627453804,2603.94569158554,390.441115617752,0,67.3076740503311,14.4978839457035,1.68920761346817,30.4313373863697,1218.56741309166,1029.58352065086,16.4222877323627,227.514266461134,0.932828038930893,32.3369072377682,0.306835830211639,10.2430825829506,2.15706530213356,2.56538018584251,0,139.688338786364,1301.01801688969,5.72247013449669,106.119566261768,1737.38138929009,706.199953883886,0.580718636512756,0,38.5189459323883,16.607257977128,0,40.4653639793396,42.0285205543041,0.332882255315781,203.957125842571,184.178452134132,314.578273624182,2.26986533403397,145.440236270428,120.770216584206,44.6653160154819,0,7.5237330198288,123.966979682446,3.29354360699654,19.7940790653229,27.6469340920448,2.75569105148315,29.47909745574,52.6809580028057,70.2717166990042,1241.1010966897,83.4980131685734,21.7023603618145,8044.63453391194,50.72361728549,6.34895868599415,75.4735121428967,11.5887449979782,20233.2515890747,13.9464295059443,35.8748984932899,13.2259752750397,2.29814770817757,0,0.808867901563644,3.32986953854561,5.33609700202942,20.2792267501354,2.96623384952545,1030.30906027555,31.6725676953793,51.7160162627697,28.9315485358238,10.0175340175629,26.3609382510185,1667.93240270019,20.1944388449192,3.25532054901123,10.3173629641533,7065.49497336149,0,1476.03838032484,15.7862132191658,19.1819454133511
14.5695962607861,390.441115617752,59784.9071000516,42.603130698204,11.4759593904018,219.633266985416,63.1222420930862,1084.53888951242,133.542863965034,105.496445387602,25.067762747407,272.134927451611,605.857605993748,1385.36020195484,41.8517965972424,2.5343846976757,0,0,275.748630315065,0,1.29568469524384,87.5164938569069,272.700465202332,306.217246711254,12308.7559564114,106.912888467312,2058.34737685323,1644.86388117075,445.429111853242,122.86012417078,196.80025652051,2.10137131810188,45.9606066942215,2091.92140725255,6.47270360589027,3151.15083760023,11.0057663321495,1445.71018196642,255.021321222186,76.2161641567945,624.017635703087,36.3275968134403,523.903961926699,15.4734432995319,90.8150910139084,128.191327393055,13.3880231082439,8.3673158288002,10.4985107183456,4182.00963628292,4668.883928895,2712.65618768334,1517.16429430246,4.36183732748032,1318.49985682964,54.209860086441,28.3945052921772,23.9129611849785,807.164020210505,1426.87169286609,61.4495869278908,38.7007545679808,16.7779350280762,0,47.6461646854877,31.6424486339092,239.547416567802,2584.52557003498,254.837329119444,2207.25730526447,688.509491682053,901.192198038101,227.415196895599,72.9543105065823,58.3559668064117,7294.62841494381,3.05180507898331,24.2384510040283,81.9586076140404,0,678.906173869967,0,0.902458250522614,94.284204274416
68.4421557486057,0,42.603130698204,33034.4158074856,2.47462558746338,344.711448520422,1475.43882921338,305.012012824416,1888.00791627169,0,29.4769687950611,1289.23804783821,4.30809873342514,190.830929845572,14.8176040351391,0.293983429670334,0,0.326447188854218,3.13108044862747,71.4108362495899,363.166390523314,9.54371991753578,5.53457240760326,4834.82703569531,1538.8319375217,412.49401627481,101.342642307281,9720.53827741742,238.875507414341,1575.90506610274,2601.40954273939,0.581842243671417,179.058913633227,85.4923301041126,1.15028610825539,240.112710773945,3.70975464582443,130.843616336584,49.6583938598633,628.994126737118,1655.20636051893,124.440623819828,58.9138799607754,43.0615668296814,14.6095417141914,5.50311195850372,303.257443219423,11.0934503078461,0,34.1606828272343,1.72488263249397,2.60781651735306,276.047064214945,14.6839419603348,59.0258647203445,264.395599007607,1.79434323310852,413.730210870504,2.62403824925423,215.396092414856,63.6667325496674,1.7033828496933,82.8046666681767,175.274982050061,1.21150404214859,673.025613307953,0.342561155557632,2.04058763384819,1102.78740034997,232.418922513723,1.62467184662819,1.82399627566338,218.947532117367,238.453883618116,7.78736355900764,6.10972982645035,9444.37463571131,34.387044519186,8.18296122550964,4.46384307742119,59.1720384061337,173.78106918931,33.1346652507782,4.25559371709824
1.04487109184265,67.3076740503311,11.4759593904018,2.47462558746338,5809.74078541994,4651.85154038668,2.93091642856598,104.685103744268,693.964082598686,25.0853016376495,148.545170903206,42.0524854063988,4168.18152818084,17.3566053211689,11456.905322969,1036.33243599534,0.989054441452026,0,30.2031156122684,0,2.66241413354874,45.0166719555855,2.04400038719177,360.435144007206,9.29163482785225,9.90286555886269,179.933483064175,243.257078707218,16.1873174607754,2823.01792147756,10438.8603550196,2244.43286764622,184.820766687393,707.056333899498,41.6960925757885,462.339371830225,3.70445370674133,29.3726791143417,0,10072.2357906103,0,1.40002691745758,51.5307734012604,850.177590221167,4.10731256008148,1.76899453997612,169.016602724791,0,3.32655495405197,133.313264340162,17.5464089512825,0.652808725833893,1309.81646640599,0,4.18317484855652,33.3963441848755,40.8716088533401,61.4462943077087,376.754799723625,888.882501795888,3.25595182180405,18.5369467437267,18.5185180902481,1.65359133481979,8.32566928863525,147.592918545008,0,0,0,235.982571333647,407.486053436995,0.715008914470673,20.7874112725258,164.12126943469,4.33543807268143,7.98000812530518,3.94117885828018,3.76201009750366,2.15738359093666,15.252225279808,277.680664882064,6.84088122844696,230.974655300379,5.22074472904205
134.734605431557,14.4978839457035,219.633266985416,344.711448520422,4651.85154038668,93975.1519264579,4281.75400349498,31064.9639238119,359.89960193634,16286.5097704232,536.318524003029,9780.68023627996,492.899296745658,2063.81794163585,5099.24598032236,6.75078800320625,73.3859036117792,239.391332387924,150.082879424095,497.75212341547,258.805107504129,17.0874383151531,289.829844355583,1017.43713617325,78.8238130807877,447.216599136591,477.256902441382,1354.63108032942,895.065273180604,333.832494214177,85.6640187054873,1937.94647559524,15.6128009259701,1074.66992045939,428.979056566954,4014.84972685575,586.414695352316,660.22120770812,166.262956649065,7572.02408304811,20.3124639987946,101.346044152975,322.470899999142,6.53353771567345,44.8812788128853,34.7199338078499,711.656378358603,3.10719004273415,15.1222167313099,47.4746736884117,6.26024806499481,16.8726677894592,176.363300263882,37.7502628862858,190.825850874186,854.302247405052,255.870750814676,206.067722350359,1324.28008785844,61.5687240660191,404.842216610909,66.718273639679,225.068791896105,89.4710473120213,13.1388668715954,0.985917717218399,3.98366233706474,1.47329884767532,127.832494676113,17.9949271678925,6.44635832309723,21.2087804675102,571.500588923693,21.0967193990946,18.8960926830769,72.571244508028,789.428734138608,115.252356290817,79.8479583263397,2.92086094617844,16.0897874832153,7.01702675223351,64.8930312097073,40.4924118220806
22.3783970177174,1.68920761346817,63.1222420930862,1475.43882921338,2.93091642856598,4281.75400349498,72829.6187918633,11426.8905487061,750.516980648041,2.43987619876862,1.42817166447639,14.597309678793,2849.70589411259,18346.1642203778,338.924043595791,32.9831816852093,16.4364740550518,38206.9421546459,50.787646651268,403.523313552141,1.14704406261444,748.488913357258,9.05862262845039,3081.82381178439,752.003388255835,3.53991743922234,466.344242602587,42723.4416979551,4804.16397096217,63.4352926015854,4.28825369477272,86.2756180763245,33.8684503287077,1504.05500629544,1.52699303627014,2742.71107433736,3.22506678104401,1745.28000931442,69.1802005916834,569.899173289537,35.9353510141373,23.8032160699368,395.328579396009,3237.90084645152,133.526424899697,94.0251133441925,268.070127665997,21.8602078557014,418.901365026832,48.5463112592697,6243.52366143465,69.8037888109684,0,1.3560029566288,0.72756452858448,1032.18370428681,0.651957869529724,411.351159602404,417.244902014732,671.829038262367,93.6798301637173,1.66860818862915,316.304834961891,1111.80365289748,19.4971603155136,6.79265329241753,62.612410068512,275.01613754034,314.515456363559,14.7723178267479,1156.96512359381,102.806218713522,1266.35357657075,52.9188305437565,55.2354772984982,268.190460324287,2.75626313686371,314.592482209206,125.378348737955,2.71477338671684,12.2034242451191,798.395632565022,14.1321161985397,128.79044175148
1790.46482130885,30.4313373863697,1084.53888951242,305.012012824416,104.685103744268,31064.9639238119,11426.8905487061,96378.8685502857,374.429636150599,13819.7427341491,1244.42356057465,3593.7488117516,777.015421509743,26460.7516506463,314.738719701767,27.1440461874008,471.857170537114,531.947411134839,383.111318439245,539.971770137548,1158.05743600428,71.9025360941887,1380.87565118074,1299.50937618315,144.540401697159,1220.86801300943,1150.23730769753,2616.95860114694,2144.60446931422,3314.78675673902,157.035513877869,3795.52132123709,29.7708709537983,2870.23565936089,270.106788039207,5025.79518169165,1191.95118710399,943.406352192163,314.910160630941,1849.19516289234,31.7930881679058,165.488958150148,285.880688339472,21.443118929863,64.0504569411278,46.0892206132412,259.679098755121,3.84809798002243,29.3322798013687,99.8078517317772,20.295928299427,31.59081402421,37.3681691288948,7.97029402852058,74.0750842094421,871.177783370018,158.080792874098,212.710160493851,461.741268903017,80.5052823722363,79.1469560861588,163.516796916723,191.570886135101,34.5068366825581,31.3774324953556,7.31569293141365,4.81418773531914,5.29624974727631,32.609338760376,36.5720872282982,18.8795961141586,39.9926710426807,1168.10221728683,49.0698164701462,38.1773741841316,213.150924220681,1322.22172683477,266.713950455189,248.707385987043,11.3522264361382,12.4155904948711,23.2636197209358,114.003705084324,52.4565358459949
113.650850236416,1218.56741309166,133.542863965034,1888.00791627169,693.964082598686,359.89960193634,750.516980648041,374.429636150599,8640.48900395632,2572.45861437917,143.478822499514,909.430069625378,297.197433084249,256.865618735552,1959.49735096097,37.0770865678787,186.313990145922,73.637016877532,73.9592160582542,465.08195066452,36.5727666020393,4380.64066916704,198.732384175062,21731.940743655,348.71470117569,531.833216130733,4290.69873829186,3629.86534893513,763.346997141838,420.788235574961,36.216624379158,50.9601919949055,112.075206488371,404.431425362825,157.570161700249,683.581243216991,168.588225364685,396.12482996285,190.836463421583,960.753965973854,5.34211331605911,34.2113472819328,131.760593503714,15.3070390224457,33.9255255758762,43.6000184565783,138.093609601259,2.60258388519287,2.77310752868652,43.1529843211174,54.1308089792728,55.9653469920158,378.244599848986,17.5943849086761,91.1625321805477,317.834531575441,100.926577538252,2993.45129790902,873.258728712797,16.7157572507858,394.431308507919,25.2657879590988,99.7905209064484,41.2020879387856,32.6138750612736,17.3574553728104,5.26514425873756,12.0296394228935,252.115118324757,13.9867570102215,89.4804654717445,29.7028594017029,1284.79251283407,13.7094970047474,107.72060251236,273.181039303541,943.838994950056,193.89851641655,135.201875686646,7.70464867353439,2.875608086586,17.8125542700291,59.6230701059103,46.6088754832745
2813.78124406934,1029.58352065086,105.496445387602,0,25.0853016376495,16286.5097704232,2.43987619876862,13819.7427341491,2572.45861437917,207490.794555724,1863.905636549,17.7048585414886,68.8415569961071,4564.11901775002,2.42315053939819,19.8653465211391,0.862329393625259,1878.21309348941,49.8829700350761,1.31671440601349,24.1901302933693,394.359856516123,11.0200099349022,3154.0938320756,10.209287405014,30.7814964652061,750.191401422024,12137.7231146097,2904.52897511423,10.9008361697197,217.887888818979,1.42142415046692,11476.3932584971,1268.15150995553,1.07450294494629,2810.4302727133,1819.96465530992,1289.738970384,2984.75990489125,1664.58518230915,0,9.51347303390503,404.331575542688,9.23392233252525,83.5710968375206,39.2447135150433,1265.98782172799,8.46026563644409,17.4856549501419,4.88560485839844,2.99343490600586,15.0025157630444,29.8597844392061,0,3.01427030563354,1838.18455928564,55.5426115989685,1339.80276235938,15.6043219268322,69.9270009994507,74.5854198485613,73.7004720270634,471.493741318583,4.46825677156448,9.57913756370544,30.7306294739246,1.19352221488953,272.354255706072,686.655838876963,9545.88774985075,1956.87661518157,34.317473128438,1130.24376136065,5.72948357462883,30712.9921285808,56.8237622976303,16.2430103123188,240.053213298321,48.207874506712,26.2093269824982,0.870558679103851,1961.09110033512,40.6005212515593,70.7302991747856
3.04603880643845,16.4222877323627,25.067762747407,29.4769687950611,148.545170903206,536.318524003029,1.42817166447639,1244.42356057465,143.478822499514,1863.905636549,70347.8460187316,378.268442243338,0.972576200962067,999.959893196821,4.9680889248848,896.73713183403,108.560986787081,10.5569021999836,1274.22138884664,42.3037069886923,134.607301294804,0.493268668651581,3.49556982517242,195.659339115024,38.6473817825317,4.03579135239124,143.758464396,162.506230980158,634.444141745567,14.2110950946808,0.303171396255493,48.257186204195,6.27643045783043,8919.69877210259,2.8836669921875,1237.20964041352,430.956171482801,1785.86128088832,80.3584290444851,81.1141554117203,20.650817155838,0,40.295088917017,904.003874659538,45.6891043484211,21.0802274942398,5.71768924593925,237.747818887234,80.0374834537506,453.49861317873,288.020667910576,30.0585277974606,0.736455619335175,33.799495100975,25.7640994340181,11.9866043031216,2048.50249996781,18.1422326266766,24.017311245203,25.5629389286041,702.554981380701,582.347866043448,12.2118885815144,14.745175153017,6001.1823361963,19.2186764329672,41.5389845967293,3.49194395542145,0,87.4864998459816,24.6273137927055,31.2282514572144,59.4949401319027,63.0260035246611,4.88389754295349,1434.52591088414,59.3352481275797,21.1836677491665,2.44479918479919,0,0,1.83299812674522,52.2381031364202,53.7229666113853
5.61941459774971,227.514266461134,272.134927451611,1289.23804783821,42.0524854063988,9780.68023627996,14.597309678793,3593.7488117516,909.430069625378,17.7048585414886,378.268442243338,80296.8923471868,9.34626296162605,1402.94694659114,7.71234560012817,140.842014610767,9383.26835122705,4.47645804286003,0,7.37455403804779,9002.48074221611,11.6551169455051,312.637583553791,1310.95565706491,53.0201531052589,0.376769304275513,257.934667885303,3245.29945631325,563.774151623249,9.84463280439377,2.4305522441864,206.312700361013,23.632821649313,409.265818923712,32.7536623477936,1357.02234309912,9.31854236125946,300.877381756902,767.258384034038,3622.58415585756,9098.80831828713,39.0644130110741,257.260480672121,21.8088397085667,9.79718099534512,13.5555355548859,1005.62409883738,35.0364309251308,869.010636255145,41.3423049449921,95.8528242111206,1.40188187360764,4917.16698980331,10.3589048683643,52.6212576329708,267.671960473061,175.65448153019,165.438941836357,1.72970014810562,13345.3892505765,8188.20931133628,3.99294060468674,98.5554628968239,14.1553321182728,216.237797617912,10.5819445252419,137.527886673808,9819.33065211773,40.7248039543629,205.130154401064,73.617766469717,2.70257592201233,182.79684856534,0.2824866771698,5.72561797499657,16.5695695579052,356.659302324057,41.7495478391647,12.2102658748627,1.33980479836464,312.723397344351,44.215570807457,0.966361939907074,26.0454746484756
2353.90060296655,0.932828038930893,605.857605993748,4.30809873342514,4168.18152818084,492.899296745658,2849.70589411259,777.015421509743,297.197433084249,68.8415569961071,0.972576200962067,9.34626296162605,25718.6850549281,294.69497102499,1.10842144489288,7783.56587705016,0.540799677371979,40.0862140655518,16611.306376189,371.44643548131,2.65224367380142,186.260245770216,331.694164857268,409.677884221077,7488.83891049027,53.6035315394402,523.92152556777,369.297102928162,278.814124345779,2937.88022691011,17.7892322540283,44.5849668979645,0,2475.36939761043,1.99845677614212,1169.84383581579,77.2979229092598,2405.46693444252,10565.5818763077,715.717716872692,3.3963674902916,10271.3399773091,104.715632557869,91.7556229829788,121.834217578173,67.572728395462,150.735825151205,9.39516943693161,886.033380135894,1526.05375722051,7.31445071101189,17.270688354969,19249.4715158641,46.1643518507481,0.678732991218567,115.645089566708,576.65586720407,27.4959496557713,38.7991928756237,1.67037570476532,43.2683719992638,35.3962768316269,36.9024113118649,286.496916413307,2122.41792100668,267.173079311848,176.808130681515,0.797006398439407,8.13597720861435,2.88541078567505,660.878459811211,63.0294863581657,157.86300560832,32.3614341616631,63.4249114096165,2148.28467321396,52.7375901937485,104.767164826393,163.019754141569,199.5694437325,7.19190290570259,143.163062036037,5.38567037880421,69.5013739466667
11338.5202395171,32.3369072377682,1385.36020195484,190.830929845572,17.3566053211689,2063.81794163585,18346.1642203778,26460.7516506463,256.865618735552,4564.11901775002,999.959893196821,1402.94694659114,294.69497102499,78373.7885392755,46.3122533559799,22.0023176521063,899.641833662987,546.393520623446,669.543121024966,233.940703809261,1387.45649942756,48.7593100667,2219.39671476185,870.375583007932,73.602463722229,1441.61598590016,1160.7268909663,2182.85664118826,20389.2221025378,7845.19998955727,101.701873272657,994.039881765842,42.8667913079262,2792.39978647232,119.486280888319,1340.13587856293,354.379662469029,713.808461591601,229.478900998831,252.15682336688,14.5917789041996,59.7913356423378,163.204173535109,6.09621566534042,38.9789836406708,37.889885365963,105.036110579967,0.383469849824905,8.91775491833687,40.2129108607769,11.5036262869835,41.9086186140776,5.06229853630066,1.28702983260155,18.4786198139191,424.121503770351,57.6901692152023,112.128945857286,120.742866396904,39.0360610187054,25.1004601567984,77.9646612405777,78.8385898172855,8.92999655008316,22.6979444026947,6.20451208949089,3.47852087020874,5.38313975930214,6.25139531493187,9.96322640776634,23.1119664013386,45.0854881852865,758.299706369638,24.9529758095741,66.4256290495396,280.682535812259,810.883169472218,157.578963965178,162.382963299751,4.44767341017723,0.925503760576248,12.4233900308609,49.045203357935,17.2085017263889
1.16767275333405,0.306835830211639,41.8517965972424,14.8176040351391,11456.905322969,5099.24598032236,338.924043595791,314.738719701767,1959.49735096097,2.42315053939819,4.9680889248848,7.71234560012817,1.10842144489288,46.3122533559799,6257.85669696331,21.6165300011635,6.04533690214157,38.5467791259289,74.4244984090328,5.16873008012772,0.784789592027664,62.3344005048275,37.5170550644398,1086.95383524895,2.06655219197273,8.94827410578728,1286.64645689726,528.255900293589,45.3744616210461,467.889797404408,2.06123471260071,93.2480814158916,6799.98688271642,29.9455658793449,547.83863915503,279.981607526541,293.288126021624,20.8727233111858,1962.93110713363,2963.7790518105,1.38152799010277,3.11696788668633,81.9318443238735,0.67345517873764,8.68845054507256,4.07442346215248,187.530964761972,5.44488264620304,19908.4255561084,42.5308742523193,29.52503657341,1.71725276112556,0.353445708751678,5.32645273208618,79.7222216129303,74.4891631305218,1044.416033566,114.300923287868,0.274872392416,9.53462526202202,0,623.138475984335,22.8200934827328,24.1030221581459,9.97591733932495,10.6779714226723,3.09437274932861,6017.05261899531,12.9498839080334,20.3367986679077,91.3982408344746,3.75963306427002,46.7194311022758,32.1211618483067,17175.0642334521,29.1070860028267,43.8927044868469,11.8823799341917,15.043088644743,0.324229031801224,0,140.842128396034,16.5217924118042,28.6982943415642
621.283168464899,10.2430825829506,2.5343846976757,0.293983429670334,1036.33243599534,6.75078800320625,32.9831816852093,27.1440461874008,37.0770865678787,19.8653465211391,896.73713183403,140.842014610767,7783.56587705016,22.0023176521063,21.6165300011635,30666.8440030813,22097.798338607,4.9273367524147,4363.12524431944,130.955429702997,1.66155886650085,3.64305207133293,0.759977132081985,4078.14916470647,0.793654024600983,1.90554022789001,24.3732688426971,2332.554820925,58.8216096162796,4.21859866380692,0.333283185958862,0.498116493225098,331.812761664391,454.012143611908,8.40762573480606,1461.62114220858,218.683275580406,636.888714939356,6.6192552447319,27.9890919923782,1.94921264052391,6.11271369457245,598.940339416265,24.819161772728,97.6422525048256,157.545796215534,42.6575220525265,7.21845196187496,373.282304883003,327.40817797184,13.0986464619637,208.22652900219,40.2879191637039,13.7839468121529,0,68.914017945528,26.6023748517036,14.7715988755226,70.4859676361084,562.994195789099,7.74580293893814,0,25.3696793317795,0,16.4947808086872,3.44494846463203,213.802559435368,82.7494579553604,24.5808069705963,195.017909198999,11.4452579021454,7476.77436986566,1078.22791387141,129.260677695274,0.565003216266632,2508.50346401334,145.965667665005,87.2819402962923,469.289108961821,2803.4225846529,358.602199047804,0.335640460252762,549.410534024239,137.283627331257
53.6296456456184,2.15706530213356,0,0,0.989054441452026,73.3859036117792,16.4364740550518,471.857170537114,186.313990145922,0.862329393625259,108.560986787081,9383.26835122705,0.540799677371979,899.641833662987,6.04533690214157,22097.798338607,22950.0462123156,14.3267203867435,1166.37982901931,0,271.539151400328,7.20004034042358,99.9910059869289,459.984221786261,356.633757382631,43.583334043622,245.48628897965,470.628563314676,907.572729259729,7.98259258270264,0,9.92330826818943,1.26538479328156,5679.34152194858,0,1687.79665714502,23.0626339316368,926.689985319972,33.0225831568241,64.3622972369194,5.24532631039619,3.45971083641052,219.73493719101,23.842221558094,43.044636875391,57.9164347201586,3.41106179356575,0,19.0918455421925,8.45574656128883,30.690869808197,914.166710078716,16.0104103386402,62.0026814341545,8947.55028066039,18.2546677589417,400.497085019946,11.8514552116394,4.05371856689453,14.4457559883595,5.01095071434975,36.2176503539085,5.59980662167072,2.73515343666077,3.93787807226181,48.6956240534782,481.572908461094,275.62830594182,849.047039106488,5.12168860435486,7005.7518710196,155.897556960583,78.8908909261227,23.5985603928566,2.57725788652897,2061.42985498905,3.31747505068779,10.0878303349018,24.4740915000439,27.7182037830353,18.3686816394329,207.263033598661,2.92287412285805,42.4960947334766
55.602385699749,2.56538018584251,0,0.326447188854218,0,239.391332387924,38206.9421546459,531.947411134839,73.637016877532,1878.21309348941,10.5569021999836,4.47645804286003,40.0862140655518,546.393520623446,38.5467791259289,4.9273367524147,14.3267203867435,12702.8700211644,11.2161093950272,13.6628747582436,0,11.8956947624683,0.216910064220428,99.7065412402153,12.1583572030067,0.417204439640045,422.670790970325,123.436029478908,442.068515092134,1230.36158140004,4.47403594851494,55.8703927099705,0,2525.90037445724,34.5359473824501,1333.91936889291,192.519168332219,1705.50083704293,34.1342874467373,69.6005074381828,815.304956495762,16.6558815538883,37.691599458456,0.638464659452438,25.2413855791092,19.0858518481255,7.97946730256081,0,81.4142244756222,0,46.6737166941166,33.5412690043449,45.109854131937,1104.8814047873,19.5048418045044,1.0030645430088,51.3311639428139,13.5270609557629,955.842597424984,1375.603761971,246.443634361029,26.0700125098228,0.472498267889023,48.7275396287441,0,11.0539559721947,2.43945649266243,0,13.6570387780666,25.9742961227894,309.529328241944,14.413099616766,9.6395808160305,128.269771516323,0.411955296993256,903.074110269547,22.1482956409454,4.36668220162392,2.14759773015976,14.273630797863,70.3767054378986,31.1237835288048,2.98749589920044,41.8010385632515
7142.14240331948,0,275.748630315065,3.13108044862747,30.2031156122684,150.082879424095,50.787646651268,383.111318439245,73.9592160582542,49.8829700350761,1274.22138884664,0,16611.306376189,669.543121024966,74.4244984090328,4363.12524431944,1166.37982901931,11.2161093950272,19784.9005443752,0,670.445283532143,0,54.1875515878201,128.596207886934,47.8596284389496,6.37477844953537,0.900152564048767,179.837025791407,642.533314883709,242.862861022353,16.3719640672207,1580.07410475612,1.77141606807709,5309.61810313165,16.9059031903744,1622.75466275215,82.9138883650303,1182.20543554425,12.6955582201481,51.6361355185509,27.8070508539677,70.6872680783272,60.8662915527821,81.5311155021191,15.0463586002588,25.4385259747505,1.87107911705971,0,722.148628637195,161.964701548219,0,139.485999912024,226.355309665203,11.0006931424141,10.6933145523071,6.3301664441824,17.6276360154152,13.114385008812,1392.44943936169,54.8760745227337,471.556442141533,3.85240602493286,2.05419065058231,0,5.99731057882309,0.756347745656967,0.909797608852386,50785.9429528713,0,65.1740906685591,8.10006633400917,61.892087161541,26.1602092534304,58.93692740798,1.96236646175385,810.031840384007,1.51893770694733,4.0519323348999,7.51670524477959,262.563881725073,0,1.79317420721054,6.95840975642204,20.1562849283218
19.7007509469986,139.688338786364,0,71.4108362495899,0,497.75212341547,403.523313552141,539.971770137548,465.08195066452,1.31671440601349,42.3037069886923,7.37455403804779,371.44643548131,233.940703809261,5.16873008012772,130.955429702997,0,13.6628747582436,0,9761.97752898932,194.943658858538,135.420443832874,40.656619489193,907.606967225671,27.34347397089,49.0383953750134,123.019133478403,5242.47515293956,138.047011986375,646.169956445694,0,26.5769638717175,13327.8522065878,97.7637475430965,5.42802292108536,287.276356399059,223.826040536165,73.2250057607889,2489.37678468227,813.164568096399,218.554245382547,22.3650631010532,79.6199746727943,1.79793071746826,14.9774194061756,3.85802254080772,303.940216779709,6.28719139099121,0,579.635715007782,18.7425486445427,0.683480858802795,0,0,44.4972762465477,160.029520004988,116.858499005437,142.08218228817,0,23.5229510962963,6.27544808387756,0.386343359947205,52.5867825448513,32.8214637637138,771.333273887634,1756.98911629617,2729.55836704373,15.2050723433495,19905.2435143292,4130.59141136706,6.78188899159431,2.33240216970444,92.3086194396019,24.7922906279564,150.561709374189,1.80525404214859,16.8922024667263,14.8578247725964,4.14614364504814,16792.8365883231,1091.16070619226,2321.04446187615,2.09457716345787,9.3601655960083
487.503528445959,1301.01801688969,1.29568469524384,363.166390523314,2.66241413354874,258.805107504129,1.14704406261444,1158.05743600428,36.5727666020393,24.1901302933693,134.607301294804,9002.48074221611,2.65224367380142,1387.45649942756,0.784789592027664,1.66155886650085,271.539151400328,0,670.445283532143,194.943658858538,129492.52948904,73.6747728288174,0.681507855653763,979.663584530354,9.85905909538269,1.25082716345787,10.9602647721767,11056.6556528658,1077.5910127908,18.68218973279,396.457902431488,16.5324588119984,118.277623593807,11364.0605459213,390.715924590826,6912.5883244276,89.925987392664,8654.23413845897,5.81758278608322,118.132620811462,2192.10889518261,14.424847215414,356.766019433737,1165.43238061666,68.8095085322857,103.065572202206,42.3878738284111,491.388445496559,5.20384514331818,6061.7160359323,10.3670237660408,218.880823791027,314.200372636318,28.9215616881847,22.8826516866684,88.2357250154018,14.2567976564169,26.2716659009457,0.616277456283569,676.026332303882,15877.0733670294,39.5172361731529,59.3757439255714,273.891542762518,926.586205139756,748.760408192873,7.47201937437057,7.40171179175377,398.575203835964,35.6142952144146,40.221302986145,1563.21933218837,854.558851897717,192.306430906057,9.23046237230301,598.17509201169,597.606225520372,206.870013773441,889.127914845943,5.81398117542267,2874.03854888678,182.54374024272,47.3254933655262,406.142550379038
14.1515951454639,5.72247013449669,87.5164938569069,9.54371991753578,45.0166719555855,17.0874383151531,748.488913357258,71.9025360941887,4380.64066916704,394.359856516123,0.493268668651581,11.6551169455051,186.260245770216,48.7593100667,62.3344005048275,3.64305207133293,7.20004034042358,11.8956947624683,0,135.420443832874,73.6747728288174,10858.7656639516,5849.28494244814,11044.7858913243,4.87034729123116,1472.3155900836,4.30703347921371,362.607529222965,51.0843641757965,4.23206430673599,17.4565828442574,30550.5154515058,264.925943672657,253.464376747608,13.2576139867306,571.091543376446,289.740191876888,261.72177451849,2.10555350780487,58.7710293531418,7.0825996696949,14.4428344964981,435.063482522964,3.53653222322464,82.4669414162636,110.088925391436,7.80471637845039,16.2732974588871,3.84475290775299,3133.17451570928,105.38229238987,126.415973901749,41.2377585172653,78.6676473915577,313.192155957222,25.683290541172,47.7029119729996,48.629212886095,5.37329655885696,9937.5054807514,0,1.58244118094444,13.9050055593252,15380.2065115869,29.5767314136028,0,1.11963272094727,9577.27330636978,5.0661735534668,17.5207386910915,24.5733482837677,1541.38057678938,626.857426732779,3.9960720539093,1585.15531307459,2534.86891630292,10029.9265142381,55.456300675869,127.820708215237,32.5587439239025,3.66341859102249,8.73773664236069,347.997547030449,47.8430722951889
2088.65631718934,106.119566261768,272.700465202332,5.53457240760326,2.04400038719177,289.829844355583,9.05862262845039,1380.87565118074,198.732384175062,11.0200099349022,3.49556982517242,312.637583553791,331.694164857268,2219.39671476185,37.5170550644398,0.759977132081985,99.9910059869289,0.216910064220428,54.1875515878201,40.656619489193,0.681507855653763,5849.28494244814,179342.579918146,1198.28595435619,130.544442266226,1.87596923112869,176.536869123578,8052.11935050786,1362.85471211374,314.197342634201,139.986927717924,1.57559284567833,10.3986120223999,14783.3926387429,27.5567026138306,16028.7300854325,7745.11383371055,13749.9179934263,78.3400866985321,272.831971943378,14.8266243040562,9.01688200235367,1196.32583136857,172.849013447762,232.514754205942,315.213284760714,47.005742430687,17.7455396056175,581.164676070213,316.220468014479,661.959764182568,1516.8662570715,61.7253783345222,2.04254120588303,14.5200483798981,172.792065143585,29.7599765956402,40.7390407323837,38.7923514544964,10.2614465355873,16.7438337802887,616.763821780682,24.8685384690762,39468.7324762642,0.492745995521545,176.410989165306,2.53755638003349,115.948295071721,0,1.51782232522964,100.762721568346,10603.8484760225,688.083741247654,5.93602061271667,26.6570272147655,11138.2083420753,81.1816764175892,67.7595018744469,301.54987102747,3143.29868638515,0.805788069963455,0.870971620082855,146.043116033077,912.621498972178
328.406623199582,1737.38138929009,306.217246711254,4834.82703569531,360.435144007206,1017.43713617325,3081.82381178439,1299.50937618315,21731.940743655,3154.0938320756,195.659339115024,1310.95565706491,409.677884221077,870.375583007932,1086.95383524895,4078.14916470647,459.984221786261,99.7065412402153,128.596207886934,907.606967225671,979.663584530354,11044.7858913243,1198.28595435619,66283.4240876138,307.799967050552,785.804542452097,10105.1062840372,21634.543222338,2588.17306102812,2702.8200122714,40.9226394146681,104.498433440924,496.95459395647,1446.91161164641,807.347424775362,2447.30993688107,390.336107760668,1774.55301877856,746.425706982613,841.972398519516,25.1985599398613,43.195519298315,1333.32122203708,102.503019988537,385.614543631673,419.708514422178,488.382308334112,13.3834648728371,10.1205669641495,392.646279156208,121.4263907969,264.196011453867,221.012133449316,27.6255059838295,213.179078400135,2424.21184489131,639.182723805308,2424.60234491527,1394.3132557869,186.929956719279,284.483191132545,65.5315555036068,869.66472838819,42.8762899339199,1153.17731323838,115.856620281935,29.62113507092,80.4177857786417,138.399937421083,697.563987672329,687.908217161894,857.111537128687,7750.62723770738,26.0639989972115,198.11614240706,1292.49472548068,6453.77338880301,1645.30225141346,1728.29417729378,3.85812392830849,52.7985772490501,134.839147806168,602.692768022418,317.704146027565
982.247916698456,706.199953883886,12308.7559564114,1538.8319375217,9.29163482785225,78.8238130807877,752.003388255835,144.540401697159,348.71470117569,10.209287405014,38.6473817825317,53.0201531052589,7488.83891049027,73.602463722229,2.06655219197273,0.793654024600983,356.633757382631,12.1583572030067,47.8596284389496,27.34347397089,9.85905909538269,4.87034729123116,130.544442266226,307.799967050552,5949.90710240602,20.4114254266024,83.5030701160431,27.4422920942307,65.9449256062508,16.0011974573135,265.956778615713,479.713414311409,4.77024328708649,472.972582697868,29248.4531617463,274.082876503468,504.980361223221,209.753503918648,0,16.7159152328968,193.701432317495,78.7067822813988,82.8822251856327,303.454577833414,48.9710847139359,27.4029926359653,1.37378430366516,21.0130764693022,75.9383057653904,0.783330619335175,1055.61202256382,19.2360512316227,2.75282919406891,12.1678092479706,3.21815979480743,3.59901168942451,6.53405132889748,9.40971183776855,111.947653263807,9.25273177027702,1898.1153883934,2.47931858897209,17.1749260127544,3771.40083017945,50.0892910659313,12.9915753602982,660.533153146505,2.81212645769119,2.29338872432709,4251.81513097882,589.442154198885,16.6623467504978,18.2469735443592,10.4618017971516,48.0528986155987,2029.81712844968,0.668426096439362,9.35188671946526,3.44787636399269,5.76095099747181,0.731155514717102,0,126.913691684604,10.1083312034607
980.169218599796,0.580718636512756,106.912888467312,412.49401627481,9.90286555886269,447.216599136591,3.53991743922234,1220.86801300943,531.833216130733,30.7814964652061,4.03579135239124,0.376769304275513,53.6035315394402,1441.61598590016,8.94827410578728,1.90554022789001,43.583334043622,0.417204439640045,6.37477844953537,49.0383953750134,1.25082716345787,1472.3155900836,1.87596923112869,785.804542452097,20.4114254266024,148310.685079306,491.217441365123,615.105865389109,943.886337324977,173.839655935764,3079.38696427643,0.767169088125229,156.775375694036,4692.47814522684,530.367750778794,6751.69619658589,1.80718469619751,4024.08837878704,543.724406540394,249.818806141615,0,7369.72923929989,777.619976744056,3.30490431189537,205.3879904598,231.884987741709,17.8741750717163,4.68134123086929,152.461451292038,1.59084975719452,16.1305451989174,1426.04153576493,0.567642629146576,6.73521500825882,20.535003721714,36.4028081297874,15.7812526226044,66.503449857235,2.1524333357811,6.42543771862984,19.9714719057083,70.4443653821945,24.8366529643536,9717.36249876022,2.80519580841064,6.44657284021378,27.1609869301319,0,0,45.1709912568331,202.098435491323,191.550250351429,149.211754322052,221.978924453259,3.2857873737812,10670.8391355425,6781.55160608888,33.1674838513136,68.3818047344685,8.50582166016102,185.552827656269,153.699684500694,0.569937288761139,156.6184694767
11945.3505952954,0,2058.34737685323,101.342642307281,179.933483064175,477.256902441382,466.344242602587,1150.23730769753,4290.69873829186,750.191401422024,143.758464396,257.934667885303,523.92152556777,1160.7268909663,1286.64645689726,24.3732688426971,245.48628897965,422.670790970325,0.900152564048767,123.019133478403,10.9602647721767,4.30703347921371,176.536869123578,10105.1062840372,83.5030701160431,491.217441365123,179104.242507562,7441.15753673017,865.646040976048,0.929624497890472,8525.50943256915,201.36986348033,220.095081701875,11682.4655864686,77.1360386312008,20858.4409672618,5.08203566074371,10001.6497877091,8.20448157191277,798.504495620728,3.18461039662361,798.157062232494,3284.13619273901,82.9897292852402,683.974959611893,882.064452424645,88.2517141103745,7.0429265499115,13.9841996133327,1.10821413993835,1116.77605497837,6780.82461073995,109.171539247036,19.691359937191,1.37823414802551,259.701793193817,885.92181751132,181.906404659152,2.48837193846703,26.5259353220463,10.1138734519482,12414.0374214053,103.610952585936,1.90409651398659,27.6121456027031,8.09909296035767,18.9790295660496,2797.3970118165,7.77670356631279,2.09407061338425,12142.4473272562,8330.00049956143,1035.64780214429,3.71069553494453,32.5557796806097,44613.9907861054,5.58344915509224,113.771491214633,264.765181183815,0.901788413524628,66.5572105646133,1092.99146400392,16.2231655716896,712.439699530602
666.501010209322,38.5189459323883,1644.86388117075,9720.53827741742,243.257078707218,1354.63108032942,42723.4416979551,2616.95860114694,3629.86534893513,12137.7231146097,162.506230980158,3245.29945631325,369.297102928162,2182.85664118826,528.255900293589,2332.554820925,470.628563314676,123.436029478908,179.837025791407,5242.47515293956,11056.6556528658,362.607529222965,8052.11935050786,21634.543222338,27.4422920942307,615.105865389109,7441.15753673017,121094.820401281,4595.82900084555,32570.2640461028,34.2017968147993,164.439140558243,895.743024647236,3224.98555114865,1373.20677796006,4005.74175038934,502.66454321146,3647.11315748096,1709.37663412094,947.359301447868,38.8866723179817,54.3402361869812,805.54740023613,69.4247989952564,254.508502110839,265.754132658243,537.709603950381,13.1226583719254,10.1927244216204,293.579543083906,37.7781315147877,162.680203050375,391.007645219564,28.0953945219517,256.687236174941,2232.61442041397,533.767228320241,1249.8155323863,2269.72669994831,144.609172970057,580.373949944973,56.218369781971,762.086056336761,88.8576318025589,556.178498059511,83.943045258522,2.39786496758461,30.3805891722441,329.920062273741,518.201984286308,211.860074043274,570.07714509964,4095.49330969155,6.06840723752975,53.65920612216,725.928265839815,4494.23675848544,1154.0423040539,1277.61856818199,0.387956142425537,36.2149687111378,105.635818064213,429.073232650757,269.249521225691
7566.32181343436,16.607257977128,445.429111853242,238.875507414341,16.1873174607754,895.065273180604,4804.16397096217,2144.60446931422,763.346997141838,2904.52897511423,634.444141745567,563.774151623249,278.814124345779,20389.2221025378,45.3744616210461,58.8216096162796,907.572729259729,442.068515092134,642.533314883709,138.047011986375,1077.5910127908,51.0843641757965,1362.85471211374,2588.17306102812,65.9449256062508,943.886337324977,865.646040976048,4595.82900084555,125108.866575956,15484.485702157,78.2697689682245,5332.9580090642,11416.6741630435,8247.12841409445,302.697829604149,1460.51481509209,222.766447260976,1094.15547393262,281.144354999065,250.913220226765,28.3565122187138,50.8019912838936,271.523489832878,12.1494959294796,90.3044060915709,84.5959378480911,112.402748584747,4.91408196091652,7.15035793185234,100.417254090309,14.8275190293789,43.7804968059063,7.26034823060036,2.73712879419327,27.3214482367039,583.112424895167,112.443514049053,319.627453327179,131.449293464422,75.220721244812,25.0059317350388,54.6012522578239,171.102467849851,8.50749325752258,112.471262663603,13.0179426968098,4.35916739702225,3.62743866443634,1.26248371601105,152.290945112705,52.8733645826578,72.4286719560623,1468.98239973187,21.2359572350979,51.8430789113045,165.673268407583,1562.65099614859,337.835666313767,333.164597511292,2.12574821710587,2.25845444202423,22.2596782147884,133.350836366415,63.4221892356873
